Type,Timestamp,Data Gaze2D X,Data Gaze2D Y,Data Gaze3D X,Data Gaze3D Y,Data Gaze3D Z,Data Eyeright Gazeorigin X,Data Eyeright Gazeorigin Y,Data Eyeright Gazeorigin Z,Data Eyeright Gazedirection X,Data Eyeright Gazedirection Y,Data Eyeright Gazedirection Z,Data Eyeright Pupildiameter,Data Eyeleft Gazeorigin X,Data Eyeleft Gazeorigin Y,Data Eyeleft Gazeorigin Z,Data Eyeleft Gazedirection X,Data Eyeleft Gazedirection Y,Data Eyeleft Gazedirection Z,Data Eyeleft Pupildiameter
gaze,266.892344,0.4137757840806258,0.4781914897846411,107.5750791184048,26.58655299417886,583.2152228547599,-28.66654518163607,-4.269480876241288,-31.90823640190136,0.2026609863917461,0.02770124870684746,0.978857070983709,4.930183887481689,31.76981790379591,-4.105914762562778,-30.75456346339234,0.1360691224241581,0.0711910401968216,0.9881381632739494,4.729599475860596
gaze,266.912325,0.4323784977851074,0.4737419439019522,85.11082960980411,30.0676572349463,586.7057666863805,-29.19701316987966,-4.338739445255045,-31.86555069986196,0.1383094832658822,0.02727964149792346,0.990013286778753,4.92394495010376,31.49945203084915,-4.050004665087929,-30.77391436787805,0.1304106447417164,0.08237900123489325,0.9880317625934864,4.745748996734619
gaze,266.932417,0.4966149289479914,0.4785430223500716,5.373396462356524,27.70055600714684,592.4547385858216,-30.31234626455765,-4.409948778864496,-31.91592196957836,0.005588852061878741,0.01971080476924713,0.9997901024254937,4.850893020629883,30.37001506093432,-4.071443185629656,-30.64094792788389,0.01151688960319616,0.08251998578565105,0.9965228613533178,4.807213306427002
gaze,266.952398,0.5670569097543247,0.4788225884842247,-82.19164245951744,28.03959927984728,587.11563683239,-31.61993086751652,-4.320193873875183,-32.31092183608879,-0.1312876770436411,0.02797706232991203,0.9909494587716737,4.828088283538818,28.9956447180061,-3.934954210962789,-30.6932419800762,-0.127574285052715,0.07497680935124965,0.98899104134102,4.906130313873291
gaze,266.972491,0.6358535077799635,0.4687513598048479,-163.5709004961803,34.87540846405182,570.6904030906383,-32.86989749631095,-4.167279760326227,-32.82731130989256,-0.2613239995430927,0.04928467523699479,0.9639921099519362,4.981235027313232,27.67556067543218,-3.978393232645187,-30.74849350271496,-0.25388660945752,0.0753726135368988,0.9642927764256986,5.021849155426025
gaze,266.99247,0.7008519860511524,0.4926265299044542,-233.6534445179106,18.49739780406206,548.3343699917641,-33.91909210483865,-4.331301397208681,-33.25620451211854,-0.3685722633708005,0.01463613305594408,0.9294838730623001,4.94804048538208,26.50950424516765,-4.106442529379377,-30.94475530621312,-0.3673986479903677,0.05806928930966218,0.9282489919703228,5.042023658752441
gaze,267.012561,0.7669815042867771,0.4936712625374836,-295.8724829211299,17.50546460711867,519.774776405344,-34.83352439016276,-4.401579462708637,-33.77641699310917,-0.4683669386318746,0.01468401287045414,0.883412016310977,4.893047332763672,25.49787200911317,-4.144898071998085,-31.29328807652129,-0.4636592161576325,0.05502064566867256,0.88430360161106,5.138540267944336
gaze,267.032543,0.8661927914964143,0.5165871798968544,-381.2847139438331,3.817823892745104,486.2190720068195,-35.60021498736343,-4.427354181243152,-34.27656506843478,-0.5531968443602069,0.01319470935343456,0.8329460673026722,4.881174564361572,,,,,,,
gaze,267.052635,0.8479210197034355,0.4851157656716478,-358.8594474903318,21.91128915455617,481.3968672350123,-35.90806211768157,-4.471015275020525,-34.38343377545699,-0.5816579910794121,0.01944497916538914,0.8132010047944606,4.864262104034424,24.65601236526952,-4.074338981633704,-31.76490071376641,-0.5488966927584443,0.0643591113521269,0.8334088585231182,5.073429584503174
gaze,267.072616,0.8623569655052646,0.4817445819816357,-368.7838502882319,23.66703580362669,474.5625458379678,-36.01748952264008,-4.488821025776758,-34.40920431357343,-0.5913509813049072,0.0270797688481591,0.8059594921761601,4.869457244873047,24.38973516960291,-4.094843476044224,-31.88899767528365,-0.5703663900499121,0.06240505113273921,0.8190163555720678,5.015249729156494
gaze,267.092707,0.8613163310904717,0.4860610249270103,-368.0898031637427,21.2054027350142,475.1598613641012,-36.02241605910318,-4.547561422340742,-34.35828666053504,-0.5874778081801483,0.01545773604077882,0.8090926296119267,4.852185249328613,24.33824486482945,-4.159958227904697,-31.82832491850161,-0.5719279206822753,0.06634661512590612,0.817616401624493,4.991177082061768
gaze,267.112688,0.8603682113178571,0.4901182282819285,-367.4860690909286,18.88858865136589,475.7459687749406,-36.01363534711453,-4.570681160428965,-34.31565318715834,-0.5844606573686342,0.01210928036353464,0.8113316863757395,4.837570190429688,24.32870808273361,-4.173657264630066,-31.82078896705156,-0.5730115574790101,0.06233882411658075,0.8171729474249874,4.969663143157959
gaze,267.13278,0.8228657260329482,0.4631072065779925,-332.0088435744999,34.40048957543665,480.0604025749505,,,,,,,,24.339836349706,-4.174832222619003,-31.80777074615422,-0.5702626696339651,0.0617318576716137,0.8191395884526367,4.999998092651367
gaze,267.15276,0.8535858022959526,0.4924816569805884,-362.9219978516265,17.59130457363062,479.0751769070843,-35.97558373779655,-4.566780654711945,-34.21468295612001,-0.5752785168956484,0.01022359476995052,0.8178937009833999,4.808197021484375,24.36052069439661,-4.186393929983399,-31.78112724382009,-0.5676977892185099,0.06008657820101487,0.8210413042207497,5.01273775100708
gaze,267.172851,0.8517753640260459,0.4935347608851817,-361.6750340662329,16.99672709173562,479.9553855850512,-35.97355971953317,-4.576233531916187,-34.20399523469573,-0.5751216234923681,0.008276389479367525,0.8180260506662907,4.829238891601562,24.39823720352517,-4.208027724845561,-31.73096844597129,-0.5639272617163856,0.06018053370322429,0.823628767623044,5.019058704376221
gaze,267.192833,0.8485404268194351,0.4917619733798719,-359.4876129227742,18.05437841776703,481.5198543572096,-35.94935019961525,-4.564721757081308,-34.17928344985739,-0.5718971910928371,0.01481790220520795,0.8201914609372376,4.822712421417236,24.43360972926707,-4.231307801756351,-31.68645371798969,-0.560246008858802,0.05704295995385491,0.8263597946884191,5.019851207733154
gaze,267.212925,0.8462077412896643,0.4926446317223429,-357.8637473863164,17.56113406189102,482.6523551224327,-35.93294437092057,-4.580502309979997,-34.16327602824197,-0.5705141444721641,0.01319533403149493,0.8211817667952643,4.825611591339111,24.46004515869211,-4.258816547345983,-31.63057941277827,-0.5565002894011022,0.05715613172537177,0.8288791253872192,5.020819664001465
gaze,267.232905,0.8429039457152631,0.4959367528491001,-355.5363325451126,15.66563646979144,484.2901246439212,-35.89692395251082,-4.607404717105414,-34.12652241731325,-0.5671563247107729,0.00793113230593288,0.8235719765029128,4.822731971740723,24.49810418320151,-4.290596470335168,-31.57376551155765,-0.5525275618427931,0.05644753542476428,0.8315810057646389,5.018703460693359
gaze,267.252997,0.8404889188260396,0.4983542326990367,-353.8477071158627,14.26715175891997,485.5231635623782,-35.86697901561979,-4.613906506171738,-34.09169794223318,-0.5639768446484136,0.007127522034221819,0.8257598422847112,4.813767910003662,24.51883322641185,-4.307348254461347,-31.54632507771684,-0.5503835407438133,0.05281238474768538,0.8332399474914568,5.014630317687988
gaze,267.272978,0.8379181066021978,0.4972766830422696,-352.0216745364697,14.91256601853448,486.7309099445884,-35.84475691281896,-4.609018865854249,-34.06808097303092,-0.5613245810139582,0.007950245817476685,0.8275575559083164,4.809020042419434,24.55668107291181,-4.303938617367587,-31.50140350327349,-0.5472875558428479,0.05404208807038621,0.8351980507260266,5.092409133911133
gaze,267.293069,0.8347266406100661,0.4974469221480565,-349.7323597378243,14.83036947960023,488.2587173252631,-35.80498323118654,-4.611956975678195,-34.02925297838934,-0.5562638630801925,0.006988562770138719,0.8309763381838913,4.807205200195312,24.5820835537521,-4.302535999864613,-31.47532244345632,-0.545125421132525,0.0547431510937515,0.8365652769768862,5.120437622070312
gaze,267.31305,0.8324499951831649,0.4994245538369432,-348.0938487570177,13.67694780735115,489.4005558673039,-35.7724700776574,-4.616064994783202,-34.00065142992698,-0.5529167806929542,0.006062257023645219,0.8332144277843003,4.801679134368896,24.6011970344618,-4.314693995571193,-31.46493709842126,-0.5433109225917668,0.05200385958502873,0.8379193517163473,5.083580493927002
gaze,267.333142,0.8282543232057893,0.4985122063554853,-345.016354769914,14.23457561610353,491.3575471541172,-35.75706847393109,-4.613626953128998,-33.9872543329178,-0.5506708346774906,0.005780366168175275,0.8347024734613873,4.799374103546143,24.67713423644285,-4.319700813498754,-31.40516239925491,-0.5358532469653934,0.05407459815873203,0.8425777326458471,5.10183048248291
gaze,267.353122,0.8226970849895356,0.500386186563612,-340.8879402045692,13.14516952024821,494.0213957193014,-35.65712942470165,-4.615555837934309,-33.91829267797268,-0.5392992264517334,0.001351926610070397,0.8421131257990242,4.808751106262207,24.69172142336934,-4.318547817409311,-31.39679279526815,-0.5341947763745467,0.05501753919620347,0.8435692095346667,5.100170612335205
gaze,267.373215,0.8158014892469744,0.5076320993131312,-335.6770468689069,8.83135422965097,497.4327279158782,-35.60775995616729,-4.638255260384057,-33.87837055169865,-0.5346909135662251,-0.004588551533351905,0.845035249054465,4.80279541015625,24.79713423593368,-4.355654527732444,-31.33792058433743,-0.5223728632972165,0.04724697891526212,0.851407255474164,5.011491298675537
gaze,267.393195,0.8124512283085588,0.5089402186256261,-333.1295556367054,8.044655726579109,499.0673866157581,-35.5852856488641,-4.618475769362575,-33.85724594392033,-0.5335143070662015,-0.002817999236302542,0.8457863459739554,4.864076137542725,24.85803473589711,-4.380277675151524,-31.30026728144531,-0.5155294239187916,0.04296628003683695,0.8557939657731615,4.969698905944824
gaze,267.413287,0.8085783449000206,0.5107665400358229,-330.1382965683225,6.93941336214148,500.9365649370529,-35.55479191922782,-4.626048609781419,-33.82795761052424,-0.5298783443836148,-0.003619704079743565,0.8480659395917599,4.870277404785156,24.91068045931864,-4.400799151456026,-31.26551678684294,-0.509724646037758,0.04027551850469879,0.8593943610653144,4.94258975982666
gaze,267.433268,0.7999493386965253,0.5176063544153788,-323.3552347417155,2.766875147847794,505.1450789244328,-35.45388753626457,-4.669956878544862,-33.74892847847948,-0.5122112447018257,-0.01043721172132969,0.8587960790621315,4.807938098907471,24.96760295469405,-4.439678316656478,-31.20249305152969,-0.5059345282669352,0.0338709342884914,0.8619066149634417,4.978128910064697
gaze,267.45336,0.8015532188462688,0.517672599559219,-324.6413313133718,2.736603455993281,504.4144580224735,-35.49662116435393,-4.658270894598807,-33.77470621012712,-0.5198146799687962,-0.006512955277058339,0.8542542243983914,4.835246562957764,25.01405928734673,-4.476681495625921,-31.16263215789502,-0.5024533157860142,0.0298903055843167,0.8640875158730833,5.004673004150391
gaze,267.47334,0.8032739122682709,0.5126352319928303,-326.0474538456326,5.796936654129045,503.5668072065458,-35.49363649785381,-4.624560462839399,-33.75849624289846,-0.5268469501358151,0.005957163342639466,0.8499392939131002,4.938834190368652,25.05981986796944,-4.519326438765725,-31.12139572589454,-0.4999994713711608,0.02722935078173149,0.8655975341257421,5.052480220794678
gaze,267.493432,0.803163478689179,0.5210544979937587,-277.1480351264341,0.5948598873866686,428.3603290426251,-35.33589531531187,-4.713220203364629,-33.61341325019073,-0.5067205759547284,0.0003335902283802953,0.8621102868088676,4.948718547821045,25.08691473234506,-4.413240134084687,-31.34345118252974,-0.5097615585039045,0.01845558726568665,0.8601177505262575,4.999413967132568
gaze,267.513413,0.7748500467546289,0.5071453356706911,-3306.664383172238,99.404836479396,5643.072238597846,-35.26994551780239,-4.676291803143534,-33.58587252019025,-0.4994528710758595,0.01491751924565538,0.8662126166211369,4.968795776367188,25.15266132820809,-4.382024120065416,-31.39924979783476,-0.5060630603748536,0.01673246858641021,0.8623341599513742,5.01661205291748
gaze,267.533505,0.7643901139660808,0.516840873857734,-3209.203878912894,33.01487538304627,5699.46589927312,-35.20411117543421,-4.764650458610482,-33.49368312065361,-0.4912758808761345,-1.326809287459721e-05,0.8710040233508316,5.007660388946533,25.24124504555846,-4.5576288103875,-31.18561092506573,-0.4845955299192247,0.01148779788900713,0.8746629081434558,5.064743995666504
gaze,267.553486,0.7414221354266295,0.5122209885367367,-2987.131329320533,63.69159994527359,5817.775593493625,-34.90388784062261,-4.66257496553539,-33.41710624153188,-0.4600419511548752,0.007153454208057552,0.8878683637063034,4.929042339324951,25.60352926643572,-4.688283900025834,-30.93216737566143,-0.4482963857558964,0.01366826792222158,0.8937804702331591,4.92581844329834
gaze,267.573577,0.6675796732970077,0.4988819239540123,-2180.304113699276,157.8336768607758,6152.072200598584,,,,,,,,26.72627315693345,-4.564975167606743,-30.70636940939912,-0.3360843221232142,0.02472990005290698,0.9415071749415151,4.864619731903076
gaze,267.593558,0.6072902628559552,0.5052371378854034,-1437.383500188691,108.5705294303963,6375.154605916337,-32.82604387171411,-4.564401963155158,-32.62698429164283,-0.2256847619407877,0.008210749631345075,0.9741657825125153,4.965228080749512,28.00188477291772,-4.519990573492545,-30.55037118520273,-0.2113471883611844,0.0262386299207999,0.9770588008260822,4.848514080047607
gaze,267.61365,0.5684374949721612,0.5084873288352854,-96.41396812541038,8.42032356793046,674.2714361520602,-31.755824970326,-4.595273065139047,-32.29481360947472,-0.1212786114357788,-0.0009169140741140354,0.9926180824852981,4.930381774902344,28.77584436692897,-4.455965151808946,-30.52132875114864,-0.1451313151044951,0.0370966097414653,0.9887167152029592,4.862926959991455
gaze,267.63363,0.5519482338966561,0.519503317625524,-65.0504132924652,-0.5268433331848055,601.4943379285155,-31.36327645748035,-4.693399892799966,-32.15534822440249,-0.08179661398893372,-0.01675384977118165,0.9965082149474686,4.907082557678223,29.07839851091605,-4.495649531120719,-30.50220407163958,-0.118936836677439,0.02937816438908359,0.9924671039073749,4.829542636871338
gaze,267.653723,0.5466929110916899,0.5207506311428255,-58.18666779813937,-1.467254511412328,599.5476777706825,-31.24609529238957,-4.731092032228772,-32.09114353541038,-0.07152668615197756,-0.01825444207187264,0.9972716322611214,4.910139083862305,29.1919542161427,-4.495360539849617,-30.50766875095808,-0.1087534455527622,0.02804153010747493,0.9936731659200797,4.84187650680542
gaze,267.673703,0.5444915181765418,0.5211045777012191,-63.5472621997877,-1.998324999386619,687.7162068757866,-31.1990912668787,-4.725862097990223,-32.07639605981866,-0.06716681866418586,-0.01718374687035149,0.9975937736944974,4.902042865753174,29.23438071598476,-4.540915758529893,-30.47124491528616,-0.1060439569190168,0.02437833736153805,0.9940625613453336,4.82688570022583
gaze,267.693795,0.5451716394924194,0.5223126605754449,-72.06961500771166,-3.321974086323021,767.9514336831201,-31.24708336476602,-4.718646565140246,-32.08878671227198,-0.07060619406016619,-0.01713498409448363,0.9973570863439133,4.906164646148682,29.24335773302201,-4.590996250785541,-30.43270425496486,-0.1063967005385321,0.0203695504130962,0.9941150957160254,4.813546180725098
gaze,267.713776,0.5478549539625774,0.5243406471748205,-79.19606884796629,-5.31734972175073,795.7408369553,-31.34220593131127,-4.746493856739792,-32.08295494819006,-0.07763416815426946,-0.0188670052772602,0.9968033768235651,4.896225929260254,29.20034089717241,-4.613477927993872,-30.4569356576986,-0.110325975956937,0.01724440223678798,0.9937458475991964,4.812050819396973
gaze,267.733867,0.5527923573528605,0.5286465234510028,-81.52467936069141,-8.67232453308414,741.2938327577297,-31.40467035775636,-4.784010948355798,-32.08376995602526,-0.08318737365720634,-0.02449289382879796,0.9962328839261971,4.889488220214844,29.09066694520723,-4.693269393794261,-30.43232046651572,-0.1235496381211513,0.01425298379904058,0.9922360300719568,4.822888851165771
gaze,267.753848,0.5660454731684167,0.5504217767699945,-102.043644263877,-27.53548409163523,739.0812706492095,-31.47912911409747,-4.81227718137364,-32.09250952335491,-0.09108286188635684,-0.02933053124831019,0.9954112879645693,4.903250694274902,,,,,,,
gaze,267.773939,0.5645919316362576,0.5372627243484953,-77.44780119403266,-12.45717317728598,573.915319292094,-31.64542160379207,-4.873733052378883,-32.1052877554221,-0.1090838952447521,-0.03559104690178246,0.9933951787575109,4.922989368438721,28.90251562188318,-4.713305043893283,-30.43324561352189,-0.1401028827366899,0.01025246727237601,0.9900838697624047,4.810643196105957
gaze,267.793921,0.5880958895822478,0.5596082662059526,-105.3397871798401,-27.24933096733062,570.2680433016283,-31.76101030639862,-4.89256504886684,-32.12749294610279,-0.1211603767539862,-0.03681434099320405,0.9919500327143844,4.927656173706055,,,,,,,
gaze,267.814012,0.5775726995287906,0.5484132513491738,-118.0312812573009,-25.21337452490233,726.6632910516973,-31.90482292695707,-4.934582297141862,-32.16989157255281,-0.1355686051185153,-0.04587750834923712,0.9897052124415056,4.90824031829834,28.6540803889947,-4.905802858617416,-30.35917433016071,-0.1676827703332573,-0.00720213029364968,0.9858146975231185,4.802385807037354
gaze,267.833993,0.5839041839934376,0.552758407777448,-141.3650067675442,-31.95107647081865,803.9623829176944,-32.00634997506046,-4.930990390369677,-32.21824176678991,-0.1451601256952533,-0.04960582877951281,0.9881638526374237,4.888094902038574,28.52199805533073,-4.989830445319695,-30.37139361552239,-0.1841176636836058,-0.01425343096537603,0.9828008575624086,4.796085834503174
gaze,267.854084,0.552954979653696,0.5287083191293116,-89.51187715514288,-9.549433361867665,811.383705729851,-31.4661139963081,-4.659589251097553,-32.22702031291882,-0.108841100367721,-0.02021145860320378,0.9938536672025086,4.824514389038086,29.29032985273673,-4.687417893794523,-30.67716078554534,-0.09981112590994162,0.008705829165927,0.9949683149141603,4.84724235534668
gaze,267.874065,0.4882527087544825,0.5405998182587824,21.18241442174163,-22.02417067272918,815.1720578430259,-30.25608877216052,-4.560508576619403,-32.29033328759658,0.0136252221801235,-0.04409949824097641,0.9989342258504492,4.798672676086426,30.57291668845195,-4.568102186842797,-31.05550391808727,0.03598467153657062,0.002899819669143793,0.9993481347660043,4.567312240600586
gaze,267.894157,0.41388834140533,0.5736733682654511,79.73568953509681,-29.61032764198487,437.5393740064717,-28.82203191903045,-4.87962796101095,-31.97310881207524,0.2193021826040682,-0.06939099513272744,0.9731862321773679,4.863852500915527,31.57095232081808,-4.680139092998573,-31.33057768244181,0.1079046597134478,-0.03429376877324079,0.9935695858043626,4.220057010650635
gaze,267.914138,0.3429565698362353,0.5645416313372992,120.3676363100727,-21.18800504701462,361.4898470352933,-27.50824938596765,-4.615418475321921,-32.50263868401814,0.3256493965066806,-0.07321533746615642,0.9426515713213189,4.976701259613037,32.82352078490798,-4.493481633577376,-31.83859105416325,0.2442277441501415,-0.006107169963593556,0.9696986704447774,4.329887390136719
gaze,267.93423,0.2864314206064184,0.5215103854523039,221.8522816737576,-4.273021063586413,487.0927469070218,-26.42066766751482,-4.240347403176584,-33.01956559803183,0.4214896368671507,-0.01959990147257602,0.9066213817663153,4.995664596557617,33.85203603788148,-4.442130114717122,-32.35579139038131,0.3502140091725081,0.02069560903149375,0.9364410496908676,4.535306930541992
gaze,267.95421,0.2531173770845885,0.4946033802738259,532.5066093849083,22.89893091718401,1007.827085953304,-25.64544551141698,-4.288950867620698,-33.14872335446634,0.4721902909332408,0.02546039202004299,0.8811288768316285,5.103063583374023,34.61975655141273,-4.539452800487902,-32.75556271958862,0.4317206577337984,0.02127191576760085,0.9017564966694018,4.665955543518066
gaze,267.974303,0.2019227245780994,0.4785763468980938,338.2217821839263,21.65307147924406,528.5672054740843,-25.01921511756996,-4.287602946392044,-33.39382966076409,0.5307903805294906,0.05765426114663943,0.8455398027940458,5.185700416564941,35.18003984967106,-4.664797026663461,-33.01595510540932,0.4869954786808953,0.02139638409280855,0.8731423701161907,4.763632774353027
gaze,267.994282,0.1715348529407227,0.4658708328675037,361.1490199376107,28.48129392628541,511.2199713224574,-24.8210242175116,-4.824807592613786,-33.08738073987199,0.5693584173876984,0.1372319315530254,0.8105543717185179,4.888207912445068,35.50693652021802,-5.032094516572233,-33.17025373063984,0.518778478934242,-0.03505723609241165,0.8541896042403205,4.53558874130249
gaze,268.014375,0.1686463337120004,0.5325750140595206,373.4943604487869,-12.98598082016249,526.7434773812287,,,,,,,,35.46956210515955,-5.012679643153295,-33.03890832336349,0.5168788455084374,-0.01219209574995157,0.8559717354370348,4.652199745178223
gaze,268.034355,0.1831335055261809,0.5095527663693188,255.3332654655736,1.239966136853063,376.0665115365412,-24.95891769054993,-4.919152516833019,-33.13722005273442,0.5507230503856614,0.0369559432467791,0.8338695221871664,4.800302982330322,35.2635913573537,-5.139150144046141,-32.70170998366613,0.4898283002431885,-0.0124663128185023,0.8717297903166898,4.591267108917236
gaze,268.054447,0.2118832329688396,0.5253759333900659,380.378855689375,-9.304895685239405,617.462986211273,-25.17864510492301,-4.969414993502816,-33.0299160763189,0.5276139941859406,0.001754408377889233,0.8494824278290882,4.779372692108154,35.12998462673524,-5.158764649288338,-32.58525576601286,0.4705809937315342,-0.01335058982206081,0.8822557962915545,4.578595638275146
gaze,268.074428,0.2296950586246388,0.5395117634927177,342.2261079563653,-18.73474204411581,593.1628356657188,-25.38380213152735,-5.044833072649948,-32.90249101678814,0.5062507060742367,-0.01884933590524915,0.8621803321436114,4.772297859191895,34.87583941373825,-5.224925078927953,-32.3515037290948,0.4409135874272548,-0.01938444537142879,0.897340209563614,4.55901575088501
gaze,268.09452,0.2391409380120807,0.5440424626288812,340.7672415703246,-22.52483538819261,612.4569755738733,-25.53634658723978,-5.068208050403772,-32.811035036469,0.4935279951601109,-0.02417665693133988,0.8693938159734437,4.8782958984375,34.74737310753582,-5.279893374873915,-32.22395233938917,0.4287123197504735,-0.02347573099870089,0.9031360013576275,4.546884536743164
gaze,268.1145,0.2508370053538327,0.5541928409985524,356.394241587215,-32.63979229115687,671.4528169681109,-25.69569592191414,-5.162049084229731,-32.69440672614761,0.4761011871537952,-0.03876595465335744,0.8785356340812597,4.791397094726562,34.61778603781175,-5.360498561398365,-32.09518650395812,0.4162506932593852,-0.03059289909194213,0.9087350740926816,4.556031703948975
gaze,268.134592,0.256273756067502,0.5603198132127118,330.1182500293912,-35.49057080427856,636.2667611861943,-25.78904715772444,-5.184247487137204,-32.63892530384128,0.4691084638519289,-0.04297898398550953,0.8820941310756223,4.834998607635498,34.52703263949761,-5.410570898538237,-32.02641991790434,0.4044154215456968,-0.03800499139235149,0.9137854165203577,4.51929235458374
gaze,268.154573,0.260062752584875,0.563583496379316,299.254911642455,-34.9170135442902,586.1306847395499,-25.87701187776129,-5.194549388827721,-32.59134962181676,0.4647054932320415,-0.04384993590415517,0.884378871118689,4.841037750244141,34.44298432843998,-5.445087493757747,-31.96228113661981,0.3934854841851874,-0.04236949815016643,0.9183539619134072,4.477408409118652
gaze,268.174664,0.2637605383196572,0.5680302954157715,302.2071442235923,-38.95891181809683,601.4793240578883,-25.95107482009088,-5.233165500347774,-32.55849971439761,0.4585863711603031,-0.05193585285392201,0.8871308851428638,4.818472862243652,34.41028293137083,-5.459102231953957,-31.93515423863771,0.3895344048607718,-0.04372692644549382,0.9199733166420616,4.467122554779053
gaze,268.194645,0.2664590336585521,0.5714753964963944,291.4760850522407,-40.38977578617607,587.0486917037507,-25.989666461753,-5.250689287526911,-32.53664214600872,0.4550102162523227,-0.05458948784262636,0.8888113922104591,4.812401294708252,34.36484271566553,-5.481976715220785,-31.90701763246995,0.3835386543148819,-0.04767233729586645,0.9222935806472247,4.453500270843506
gaze,268.214737,0.2694763951352714,0.5754662318683121,269.6807128918315,-40.44477470668147,550.5023256712353,-26.02816600168724,-5.269456130406732,-32.51378289852789,0.4514608235778685,-0.05692824471683369,0.8904730763632627,4.805849075317383,34.29355762514413,-5.508893473605122,-31.86508746968674,0.3744057007241429,-0.05220475271775741,0.925794272535179,4.432965278625488
gaze,268.234718,0.2733862632323019,0.5785190463078369,257.1297892672704,-41.12748224341875,534.1552084539901,-26.07525785021313,-5.288881973331188,-32.48175564545415,0.4462803178317053,-0.0583116188924311,0.8929913958253887,4.798860549926758,34.22491137854215,-5.53284485160269,-31.82904529060101,0.3658961918008801,-0.05651339590913389,0.9289382180255213,4.401793479919434
gaze,268.254809,0.2790545166092219,0.5821229259897429,265.8272389396194,-45.97409177846873,566.689972009967,-26.16211582657926,-5.356948771545079,-32.41766559255765,0.4358988996185197,-0.06863016553532071,0.8973750886279149,4.763868808746338,34.17746281210526,-5.535026471052944,-31.79648352118507,0.3617297965903113,-0.0547936257725249,0.9306713774654469,4.406405925750732
gaze,268.274791,0.2850641147027689,0.5861626023238802,232.2639932744713,-43.67747363497391,509.2798285505571,-26.22833968576976,-5.372819832581267,-32.37732728649174,0.4295834938938463,-0.06706072644054617,0.9005336644141752,4.746718883514404,34.03540668995299,-5.599007578964544,-31.70085333258845,0.3435562724537859,-0.06243976847564148,0.9370540875373035,4.29945707321167
gaze,268.294882,0.2900180565536641,0.5906834670505369,212.157383637607,-43.35265500147158,476.4400253933747,-26.29015952082587,-5.397779887102816,-32.34386350072429,0.4231539985327636,-0.07096150753532586,0.9032746857817107,4.729314804077148,33.92292636385979,-5.6448732832096,-31.61613324181189,0.3304932563900221,-0.06614371714625149,0.9414877673994474,4.237453460693359
gaze,268.314863,0.2940145325666943,0.5927179396424753,212.6107378593454,-45.42505433707107,486.8867038877463,-26.36216939415407,-5.41256161895107,-32.31343546352277,0.416845009067716,-0.07332257511168996,0.9060154735954165,4.706990242004395,33.86800310373303,-5.668062174989448,-31.57562187759133,0.3253348778875985,-0.06867249662552569,0.9431019591948046,4.216677188873291
gaze,268.334955,0.312479053752852,0.5726419584453063,204.269198866278,-35.42959905532295,513.467279642538,-26.64059965426014,-5.327256172308025,-32.24177512833721,0.385750425648227,-0.06346732490921257,0.9204175725077615,4.637403011322021,33.65290082182926,-5.47226506170741,-31.49463058957205,0.3019953704249548,-0.03918793840930093,0.9525035966993107,4.176023960113525
gaze,268.354935,0.3245321986329035,0.5593104683234305,196.3267980349119,-27.8683136381703,527.1016410375901,-26.84030033411213,-5.204852891080223,-32.18949449109504,0.3677617063408661,-0.04865126933471027,0.9286465319707904,4.609091281890869,33.42107125643608,-5.321593657846321,-31.408184708899,0.2825155940654331,-0.02730246097792718,0.9588740870074676,4.186919689178467
gaze,268.375027,0.3288104446462077,0.5552104679020005,191.6261507040313,-25.25319635930113,527.2495952282572,-26.91764334807442,-5.165282859642365,-32.16521550963201,0.361359320019934,-0.04394365096577336,0.9313905718733303,4.595998764038086,33.32505689058937,-5.26910790766255,-31.36597124844985,0.2749224788189497,-0.0235260194711166,0.9611785250659156,4.164207458496094
gaze,268.395008,0.3307260610472424,0.5546191434266506,191.8073098988871,-25.16365415381471,533.7334628310432,-26.95301394650497,-5.160621407727053,-32.14899654946287,0.358065306406758,-0.04340598227755572,0.9326870627656175,4.576206684112549,33.28930135851155,-5.255336908951715,-31.34654270980368,0.2723735923855016,-0.0231002731105354,0.9619142391883152,4.151082992553711
gaze,268.4151,0.3309841074521443,0.5562613280359456,177.2140375264601,-24.24793178777543,493.9506645155193,-26.95032368372726,-5.182260645336157,-32.14549763642776,0.3583749312323959,-0.04643741673642251,0.9324221012990971,4.557662010192871,33.25978883836123,-5.250714265108106,-31.32519535702199,0.2675253646075719,-0.02173597674310607,0.9633056247145083,4.110981941223145
gaze,268.435081,0.3291415476220624,0.5476044992560573,179.1371496333986,-19.17541629657824,493.5351187784184,,,,,,,,33.26110546046581,-5.272366977499551,-31.317921753499,0.2676990471832256,-0.02551366865450923,0.9631647174024707,4.088716983795166
gaze,268.455172,0.3301946674264868,0.5609226780138261,180.9482724158327,-27.44090918558651,502.1928938265908,-26.93960915214516,-5.206495797223431,-32.14609235327065,0.3597608432374082,-0.05002743035446676,0.9317024159490187,4.531497955322266,33.2720771492425,-5.291431998903176,-31.3142329119973,0.2692417511952973,-0.02830612804988307,0.9626565548149107,4.064142227172852
gaze,268.475153,0.328895107776017,0.5628998042721522,180.9798202892642,-28.42618761881549,498.5212582230148,-26.92794153375402,-5.224101980107087,-32.15051023342919,0.3614903002882723,-0.05288289331863453,0.9308749445504186,4.507629871368408,33.28865685793789,-5.304476002974408,-31.31407518197667,0.27142938300593,-0.02935805997207682,0.9620104959696105,4.051494598388672
gaze,268.495245,0.3273623730110054,0.5642788267016884,181.6260046868427,-29.10650308517829,495.8851239798272,-26.91321470621727,-5.242241877781185,-32.15314928150637,0.3634898298913827,-0.05517622433318004,0.9299627561541743,4.481955051422119,33.32049032603059,-5.321022265160795,-31.32072973564915,0.2742399899323656,-0.02973751966900022,0.9612013877673252,4.030125141143799
gaze,268.515225,0.3217940241800566,0.5673385280548713,182.7268381213159,-30.19167396924207,483.3121201218376,-26.8409134947474,-5.304008240422727,-32.1632113658894,0.3707950797225382,-0.06095650647385751,0.9267120983196772,4.417159557342529,33.42603528808904,-5.349710010399334,-31.3615874187653,0.2840609224190719,-0.0294224824142298,0.9583546889763781,3.976229667663574
gaze,268.535317,0.3150114319945053,0.5681564473534053,196.2482582988723,-31.80218300051488,499.9338259835589,-26.72879389764465,-5.298476774178383,-32.2356336456297,0.3810209023189498,-0.06124814879310779,0.9225354932280225,4.326612949371338,33.54389291354622,-5.375228218127232,-31.38966600497867,0.2977767758948526,-0.03156658022652632,0.9541134852576338,3.902584075927734
gaze,268.555298,0.3034825352209278,0.5684469690591064,205.5962705198522,-31.66336268545229,492.7852797686858,-26.5542261772796,-5.267447270677641,-32.29034882918596,0.402608679517392,-0.05415607266164722,0.9137687732523629,4.335621356964111,33.67230112208942,-5.409498310880507,-31.4512736514899,0.3126823002209614,-0.03897557469712185,0.9490577873372926,3.822927713394165
gaze,268.575389,0.3068079965467399,0.5552024278496424,202.8020896225278,-23.92639378367315,494.0034791593424,,,,,,,,33.62503511832841,-5.370157216900362,-31.43245559458179,0.3063072490545104,-0.03359740357361404,0.9513396258170738,3.747790098190308
gaze,268.59537,0.3352771392446002,0.5657174703691212,191.3014215370522,-32.96832639454582,547.6327041139689,-27.08640179617278,-5.304321320660176,-32.13196934086383,0.3457038421291475,-0.06110500360994136,0.9363519808656222,4.164241313934326,33.24719221912027,-5.276721121161612,-31.30465746000777,0.269848542767843,-0.02908015664137319,0.9624635621444506,3.726673364639282
gaze,268.615462,0.3422378337140827,0.5640134458919701,178.0377510989561,-30.87094195216002,532.2123445261982,-27.21187276323235,-5.283825252414305,-32.12783830418997,0.334297718460724,-0.06015152678566464,0.9405460271870314,4.106539726257324,33.10770151238846,-5.234557995198045,-31.25258140998727,0.2563923807717466,-0.02589225645157048,0.9662259249978973,3.696808338165283
gaze,268.635443,0.3367461400721199,0.5642394589997157,175.9849748611373,-29.68979152463187,508.2860797410857,-27.09860374253976,-5.272967671506791,-32.16505518619216,0.3441311283995421,-0.06035816283596818,0.9369795401424327,4.068596839904785,33.15003431635734,-5.214306966674101,-31.26793118744633,0.2633474640762479,-0.02510056116964155,0.9643744475013731,3.668590545654297
gaze,268.655535,0.3235153928444549,0.5443895774469444,189.3724021243593,-17.7548995936941,504.8573628295221,,,,,,,,33.31211148267521,-5.220970659590107,-31.3135281548863,0.2793967064244232,-0.0224396510370913,0.9599135078227197,3.712485790252686
gaze,268.675515,0.3142289471855424,0.5439148389751995,198.3349685591805,-17.48760261282152,502.1146530923157,,,,,,,,33.49749701739925,-5.216629126338896,-31.42931811728654,0.2951106040795866,-0.02196887858306289,0.955210500221592,3.671721458435059
gaze,268.695607,0.3155671733072968,0.5419642719342141,197.0549650547983,-16.31671083517348,502.4401443454473,,,,,,,,33.43889585594977,-5.121857011153017,-31.50329383549242,0.292923912061833,-0.02004228798032708,0.9559256709780868,3.619802474975586
gaze,268.715588,,,,,,,,,,,,,,,,,,,
gaze,268.735679,,,,,,,,,,,,,,,,,,,
gaze,268.75566,,,,,,,,,,,,,,,,,,,
gaze,268.775752,,,,,,,,,,,,,,,,,,,
gaze,268.795733,,,,,,,,,,,,,,,,,,,
gaze,268.815824,0.586569838809307,0.518581932306208,-106.8073183173693,0.478128273967136,588.6790348067475,-31.74190756949309,-4.638205791252448,-32.76300673832466,-0.1604795464785117,-0.008673968541490064,0.987001052396497,3.927456617355347,28.72354005366536,-4.590847586636658,-31.05030666799036,-0.1739341847002141,0.02462914537437021,0.9844492392149025,3.818686246871948
gaze,268.835805,0.6905060649821652,0.4962231273504986,-224.8055675689298,16.28031174187295,556.7878067300278,-33.69022419611564,-4.345272858426945,-33.36603016328429,-0.3517363436449953,0.03055757505895123,0.9356002240090404,3.9621901512146,26.73357982659074,-4.435661969481779,-31.11373218214744,-0.3513605690700239,0.03510791037484443,0.9355817362111667,3.865531206130981
gaze,268.855897,0.7286512056584733,0.4933427116996908,-204.8688528560587,14.06436964107012,421.385310494166,-34.34434966340619,-4.331282336835933,-33.54445471239812,-0.4030821433823327,0.02845937357208769,0.9147211868882172,3.900534868240356,26.03922140490378,-4.372506099335427,-31.10423522787165,-0.4054160034629787,0.0453499686986454,0.9130067056025043,3.860497951507568
gaze,268.875878,0.7222586989220559,0.4786481068880404,-354.4098268992452,38.18021452302042,749.8865084786411,-34.38405771496331,-4.33359832825357,-33.4101229094162,-0.3999384746817294,0.03501338678755002,0.9158729601942167,3.861323833465576,25.95963409261963,-4.315715648938488,-30.97919506415073,-0.4160815792425266,0.06368142221364806,0.9070947006128368,3.725491523742676
gaze,268.89597,0.7080323780513784,0.4782741570775416,-343.133901113132,39.67695475775004,776.5848261111622,-34.20001499038474,-4.400857223114285,-33.20427150717198,-0.3766148059880982,0.03518127088332024,0.9257016614922876,3.824815988540649,26.16644833668226,-4.299581944890183,-30.88104611723108,-0.3955391737846833,0.06473989712686491,0.9161645636684127,3.799569368362427
gaze,268.915951,0.6944440115048673,0.4759269185115164,-215.692152717341,28.05048537470608,522.8464852710507,-33.94428256120426,-4.435979272318784,-33.01278824907638,-0.3447874462757118,0.03355390767771529,0.938080887861078,3.841021537780762,26.44665920953869,-4.234487496233238,-30.77166966073046,-0.3673752019526976,0.07465284778608018,0.9270719569200889,3.847794532775879
gaze,268.936042,0.6777617884937274,0.4789633486390334,-191.3797329593429,25.25462827039977,508.2783158894957,-33.66977908555738,-4.351781969644033,-32.88593718475698,-0.3073125832418791,0.02667371441343433,0.9512347182165891,3.814105033874512,26.69852986130883,-4.221254274932846,-30.67682779293226,-0.3480154144663475,0.07569958915335194,0.9344275485535678,3.865323781967163
gaze,268.956022,0.65287951788059,0.4826146079381481,-257.2555233621348,35.71603309897293,796.4490412563723,-33.38926810012347,-4.340532622595018,-32.73717988968582,-0.2715880035657479,0.03033735427721423,0.9619353415145064,3.861769676208496,27.00509682856777,-4.297982471094508,-30.55398051016238,-0.3138101666326064,0.06168751811803749,0.9474797250740792,3.779603004455566
gaze,268.976114,0.636518444681035,0.4957503312332185,-209.8143415873732,21.02728206326213,728.8785257405044,-33.11117551021449,-4.51587167314239,-32.57522313583134,-0.2407262834513866,0.01402975604488561,0.9704916395317394,3.775208950042725,27.33012632918515,-4.355964059114267,-30.44209011385919,-0.283569013142695,0.0502175507110331,0.9576360542428752,3.709818601608276
gaze,268.996095,0.6190399656618893,0.4976932578012578,-214.3269324457054,22.43320427027916,855.5200479876962,-32.81764629555023,-4.5827720262037,-32.41423770897726,-0.2102328757938178,0.0145125918647739,0.9775436167316667,3.79408860206604,27.64186538125438,-4.384173107608824,-30.39147972926381,-0.253529097462362,0.04428144188370672,0.9663136916367375,3.732440710067749
gaze,269.016187,0.6039490317253324,0.4953425399973937,-159.6253341110098,21.01845115022915,730.9646405112804,-32.50887105832614,-4.610950809740705,-32.34858707393242,-0.18047811965076,0.01389712984425841,0.9834808173571145,3.7878577709198,27.97781166212326,-4.441948018164531,-30.27553222749668,-0.2231988887946776,0.05143352499479013,0.9734150443399936,3.702007293701172
gaze,269.036168,0.611596494034941,0.4902455160628872,-235.6958884119201,35.11968249838763,1004.33272660579,-32.6823383170447,-4.61410366076613,-32.47648736397062,-0.1993155203676222,0.02509436266465006,0.9796140037295502,3.7390296459198,27.79233350448129,-4.429225779718464,-30.37215584152156,-0.2394336056097417,0.04937956103694625,0.9696562315875236,3.818479776382446
gaze,269.05626,0.6747647868193758,0.4910355228385208,-179.978302855411,17.11027112952522,486.519455356393,-33.50260952593261,-4.721155397880525,-32.81817440821223,-0.2808649488745532,0.01929710306950952,0.9595532826825302,3.602667093276978,26.62195357005512,-4.366819410678591,-30.70515253803808,-0.3614989554186735,0.0590241239356679,0.9305023686293522,3.828605651855469
gaze,269.076241,0.737711536517794,0.4863804621270596,-433.2988995863093,35.8922039687965,856.434509801514,-34.60707886826974,-4.705847816822804,-33.42090129922511,-0.4136309191615094,0.03016341446321675,0.9099448506044336,3.794871807098389,25.54673382540541,-4.420807880025976,-31.147138723475,-0.4539360281800088,0.05148075368146106,0.8895458472279814,3.976667165756226
gaze,269.096332,0.8217064742300922,0.4950865774495213,-356.5718131417154,17.09231145601393,518.2420689490644,-35.58500270642153,-4.807634626610104,-34.09926046724827,-0.5228577270058768,0.013713632421163,0.8523096465464093,3.936947822570801,24.52063465420895,-4.48260327031176,-31.6823110915179,-0.5500241761888213,0.05187968386027646,0.8335357844810062,4.145195484161377
gaze,269.116313,0.8725145703914099,0.4813679898826449,-392.4692134291728,24.8059146422305,490.9814261761993,,,,,,,,23.74733273886364,-4.680762873651488,-32.09014140725754,-0.6220440862789195,0.04406843875294392,0.7817410872093791,4.110597610473633
gaze,269.136405,0.9400212313164616,0.5384915626830662,-390.1796880250164,-7.213277376402657,411.8445977448253,-36.64730350242328,-5.129711278628284,-34.92626555908972,-0.6477869240885373,-0.01839537719356805,0.7615994426716828,4.053348064422607,23.29778623954945,-5.186809575183194,-31.90846984755506,-0.6569699440885268,0.01049702654200304,0.753843687376962,4.066048622131348
gaze,269.156385,0.9663973877532351,0.5510365022167373,-403.5539674190139,-13.03822798346537,400.0653663074804,-37.00519516179068,-5.313250152140819,-35.17460643739514,-0.6865139255018611,-0.01618253131811133,0.7269365555343626,4.251996517181396,23.15362318928033,-5.493782979118737,-31.7829037717273,-0.6631883131269418,-0.009797940000678547,0.7483884430585395,3.995549917221069
gaze,269.176477,0.9532793203482327,0.5661690229430748,-396.6233890717927,-20.67476495061483,405.9715007022255,-36.98408335751235,-5.287787147261509,-35.2191504494156,-0.6701509349350263,-0.03307076660094883,0.7414877266699265,4.328249454498291,23.30316551762281,-5.482926131257499,-31.95197546936381,-0.6562573185199359,-0.01895818542813081,0.754298958698934,3.836390972137451
gaze,269.196458,0.9294103176402917,0.5815510129914053,-383.8105459679515,-28.96126089284143,416.5046548238789,-36.75145769330904,-5.587555488062332,-34.91256807302875,-0.6516831401212055,-0.05767270400716886,0.7562955401787498,4.249136924743652,23.61668573874799,-5.579399547857019,-31.83617885423646,-0.6320530172731785,-0.02188050989023135,0.7746161802097956,3.802782535552979
gaze,269.21655,0.8848698847262363,0.59733239019297,-358.4364649002048,-38.72452115207417,436.0222835595953,-36.33341367058614,-5.929284099137326,-34.41686768614258,-0.5946923843072615,-0.08313568703946712,0.7996433114754479,4.16297721862793,23.93104299317507,-5.655939659405942,-31.63614796703526,-0.603943435343379,-0.02892965210829491,0.7965019787386162,3.978329181671143
gaze,269.23653,0.8445758532818264,0.6134433588170392,-332.7777646322677,-49.20183625415318,453.4267534221991,-36.00005441404613,-5.954751654776866,-34.14867393830636,-0.5502641632569574,-0.1024407185052782,0.8286828403118065,4.157839298248291,24.32602034872435,-5.808883521009201,-31.3303494391411,-0.5622958604411409,-0.04497474239334488,0.8257122003927335,4.107951164245605
gaze,269.256623,0.8207910750382357,0.6185361176938794,-316.4958930949933,-53.27587248938482,463.8017340038432,-35.7395366292894,-6.103094422520853,-33.84912380248849,-0.5310740245890953,-0.1048946688671043,0.8408076408132847,4.191714286804199,24.67074350645127,-5.91550067777438,-31.07778697362046,-0.5271095529938339,-0.05595068956746767,0.8479534418112623,4.164106845855713
gaze,269.276603,0.794016895428623,0.629549357031395,-296.6211453993083,-60.9322598360863,475.0257741053381,-35.46614139115509,-6.223357770602876,-33.58750666930573,-0.4939178259570165,-0.1170810028306827,0.8615899372544088,4.112137317657471,24.97988565490115,-5.992962890866066,-30.89236087227902,-0.4976243310536557,-0.06948216463230887,0.8646052590294664,4.159640312194824
gaze,269.296695,0.8071907036720333,0.65940333717477,-312.7320354567457,-78.41946162887311,479.6205531890559,-35.27753679040082,-6.256679461460033,-33.44327010319155,-0.4720806229840282,-0.1227828394407121,0.8729629200268979,4.1171875,,,,,,,
gaze,269.316675,0.7909247911042876,0.6353437220645036,-173.191055515388,-37.90513383824185,280.4056805386133,-35.17479472513983,-6.242634120806398,-33.36248338721363,-0.4609580254896387,-0.1180920764600126,0.8795293970152769,4.164773941040039,25.20079378548141,-5.912882877361694,-30.75383463956348,-0.482055352947914,-0.06253516043081911,0.8739061679632167,4.25593376159668
gaze,269.336767,0.7913743276937162,0.6410193265020213,-142.4413076911069,-32.68130984132631,230.3082639165132,-35.1028753082831,-6.230878471023297,-33.32431798574929,-0.4515184778017529,-0.1212756898264007,0.8839814880758075,4.165326595306396,25.31557173123354,-5.866537404305329,-30.69168137060171,-0.4721567588971387,-0.06036723925420996,0.8794451611400077,4.292428493499756
gaze,269.356748,0.7830630080186106,0.6350753138510142,-157.0013644895394,-35.26806022292753,261.344541789764,-35.06470606010805,-6.189143249354943,-33.30463024693651,-0.4477778044075258,-0.1178338371563723,0.8863465601563428,4.194714069366455,25.36254450996231,-5.839776896348422,-30.66952961290406,-0.4683076681417406,-0.06063986278637621,0.8814821240393333,4.305191040039062
gaze,269.37684,0.8238718668793534,0.6434467893489947,-173.4823418318003,-36.39674353638912,252.0267876487397,-35.50362142765312,-6.173377867997843,-33.71772973125047,-0.5042752332075014,-0.1184204456641229,0.8553847597556496,4.221365928649902,24.93960662817141,-5.853190434190909,-30.93298814442828,-0.5093149841244816,-0.06467299053875138,0.8581466373767677,4.266627788543701
gaze,269.39682,0.9395660797804675,0.6492883946403074,-146.6265180914319,-23.47730424425956,155.5945126585722,-36.27410141994107,-6.090893181836018,-34.51076176549532,-0.5921796757335313,-0.095084454304046,0.8001763419383452,4.289145946502686,23.9593283427727,-5.748640940276962,-31.58173367538154,-0.5983307169874903,-0.0565173070786265,0.7992534936488025,4.038557529449463
gaze,269.416912,1.016653241819483,0.6125550357762516,-163.003786937659,-15.69884236375384,142.6780190962635,-36.87887026701864,-5.79670001190198,-35.18131913440017,-0.6553389820153577,-0.07274315869975509,0.7518239498136894,4.547374248504639,23.21976963290685,-5.442097607230419,-32.17036581768666,-0.6687623619864542,-0.01271398868693224,0.7433675118553187,4.072000503540039
gaze,269.436893,1.03162783573719,0.6234963014500884,-195.2236507643083,-21.88080522338633,138.9715955390769,-37.02793481720969,-5.851286306868365,-35.27958448816793,-0.6706200863646431,-0.06795201308595304,0.7386820856646283,4.485209465026855,23.83286396626995,-7.266689325097628,-29.51163466221175,-0.5480571816355921,0.07866521229408054,0.832733516818183,3.672814130783081
gaze,269.456984,0.8677651891220699,0.536666799119181,-121.7994701149142,-2.523060415130087,154.7880998697361,,,,,,,,23.50024470249173,-6.231719396831051,-31.0089466195323,-0.6159516186404912,0.01572167230771918,0.7876270897537793,3.864460229873657
gaze,269.476965,0.8961962573283693,0.5654517603592362,-127.204057849508,-7.571800517840732,149.9871694623668,,,,,,,,23.39241288027259,-5.80719005302609,-31.57244310397249,-0.6384055194060276,-0.007480501069382167,0.7696638453868488,3.971679210662842
gaze,269.497057,1.004918806957252,0.6131992640203998,-160.5787162745778,-15.91003727287203,145.0606054020141,-36.92627210498809,-5.942053678727325,-35.01561735266461,-0.6623336364502326,-0.0674791512835163,0.7461640021929947,4.428934574127197,23.3992554516265,-5.644197202567308,-31.73536564845619,-0.6417670140719173,-0.01829566563932405,0.7666813994535343,4.088224411010742
gaze,269.517037,0.9133196700462751,0.5538146862857742,-130.4586512808611,-5.340282602059303,147.164563130246,,,,,,,,23.52022903024159,-5.728309224320618,-31.54374002066228,-0.6527441618399692,0.001644914626004673,0.7575766320575824,4.145570755004883
gaze,269.537129,1.006830793149212,0.5796690695436924,-161.1143688772239,-9.91068976753551,144.7895986729044,-36.79291473665404,-5.915476851866163,-34.76885729397786,-0.6471165411326217,-0.06298127882360073,0.7597851937951251,4.537507057189941,23.64396995264388,-5.823787834270107,-31.31974990211001,-0.6631282794332817,0.02871974066782621,0.7479545851933984,4.213578224182129
gaze,269.55711,1.001771817149675,0.579235968676469,-160.0672245645157,-9.860654597696872,145.7217629104159,-36.74925267937276,-5.886800649898996,-34.67226054983178,-0.6445982192029346,-0.05876576451103172,0.7622596150405971,4.557745933532715,23.68013306293237,-5.673621562402583,-31.42257006667061,-0.6571069285280149,0.02417029711390255,0.7534097697919135,4.267669677734375
gaze,269.577202,0.9794061205776898,0.5928302436479325,-155.4183263726518,-12.49201057576281,149.5517799173531,-36.62206102252312,-5.805124701055973,-34.56643726655044,-0.638132064994824,-0.05536089083326633,0.7679340071852458,4.477363109588623,23.82372418825492,-5.452002752416626,-31.56777030972628,-0.6253059488580219,-0.002829879897749975,0.78037456525859,4.172139644622803
gaze,269.597182,0.0,0.0,0.0,0.0,0.0,-35.58188908777348,-5.625875684261466,-33.77240082754367,-0.5300505890532079,-0.02625326344722468,0.8475595195635042,4.219403266906738,25.03732649065853,-5.27049914773566,-31.04236053022662,-0.4724143917846978,-0.002089962157385383,0.881374083175172,4.34158992767334
gaze,269.617275,0.0,0.0,0.0,0.0,0.0,-34.02548284749589,-5.510931841003931,-33.03182960116528,-0.3714294210500285,-0.03696774723706926,0.9277249435272596,4.042720794677734,26.77761786792202,-5.375657506731065,-30.35521409617946,-0.3185748758914648,-0.003835667241072788,0.947889938815448,4.350058078765869
gaze,269.637255,0.6050133003525219,0.5707453660982523,-44.2534072019877,-12.18169915705987,200.6359844918961,-32.35249257011451,-5.500491112012211,-32.42175675854202,-0.1895357800983423,-0.04665814042379763,0.9807646027435462,4.223023414611816,28.29932379868082,-5.345737627588802,-30.17253264918406,-0.168478410038409,-0.01064357203534767,0.9856478781620027,4.369287490844727
gaze,269.657348,0.5657436607833763,0.5578363197826444,-50.20097583785997,-16.80984605111712,365.203444335672,-31.64369196007277,-5.498682460789043,-32.18205802781652,-0.1159520899946212,-0.04929401862475927,0.9920308526218835,4.32473611831665,28.87306645990171,-5.273883760632431,-30.15788649885112,-0.1282730417259943,-0.008155092143835415,0.9917053600936555,4.408395767211914
gaze,269.677327,0.5537378753770106,0.5503328371764632,-76.06748667288807,-25.34916279111365,678.6753774337383,-31.4181011271382,-5.486398512369795,-32.07978969364054,-0.09396275879607427,-0.04645369025059395,0.9944913547243801,4.376970767974854,29.06366138162585,-5.267835914194363,-30.13883871689937,-0.115697403523353,-0.009591337707802978,0.9932381975432325,4.406541347503662
gaze,269.69742,0.551141400060662,0.5494491270599612,-87.85583276275653,-29.95777313482157,824.1717623857148,-31.38303114532491,-5.479964353093712,-32.04293205595226,-0.08913736173204166,-0.04510938332880333,0.994997323754766,4.390505313873291,29.09864780666443,-5.285585106270757,-30.12108601189023,-0.1124267720635663,-0.01211119980486285,0.9935862014755709,4.397046566009521
gaze,269.7174,0.5537108129376753,0.5496435411076864,-98.95235308798908,-32.27372108761673,883.3328718461519,-31.44019260721141,-5.489258343433026,-32.00722518854955,-0.0900229828518954,-0.04561655568508074,0.9948944629486474,4.399446964263916,29.02934129868992,-5.296345321079357,-30.10179587199682,-0.1223366897137352,-0.01288602584180759,0.9924050003339815,4.392559051513672
gaze,269.737492,0.5587452161090162,0.5532035106894672,-88.70530859151901,-29.40589831303688,723.1536963046711,-31.52838167052069,-5.523342401493093,-31.97878766848427,-0.09589304358715936,-0.05142752909875911,0.9940622382136783,4.376918315887451,28.93154844821169,-5.304002565121579,-30.08434028643765,-0.1340277728614453,-0.01185050564393602,0.9909067169102166,4.39471960067749
gaze,269.757473,0.5723261017066738,0.5761241128405417,-109.0594769901041,-48.63638248675567,720.1950007191584,-31.61018062967776,-5.550744074712439,-31.96127752863707,-0.102262225505156,-0.05688926147013122,0.993129422162145,4.362694263458252,,,,,,,
gaze,269.777564,0.5533285303095615,0.5557983994845473,-72.69569093326494,-28.63379549491279,653.4593363140588,-31.51099629736391,-5.528732877506195,-31.96913696669768,-0.0918707481847398,-0.05321116691513771,0.9943481972345029,4.383118152618408,29.06326681576662,-5.313582767710576,-30.08809097778829,-0.1155849326453982,-0.01431596881904755,0.9931944303016056,4.370290756225586
gaze,269.797545,0.5472253832566569,0.5563389033167571,-91.9563916505649,-41.64896627227817,934.7166101852425,-31.34247223323565,-5.525049931425523,-31.96614462368359,-0.08101305047140901,-0.05258682805190337,0.995324826962915,4.391634941101074,29.19292127653829,-5.332814337190147,-30.09407317770893,-0.106152670022249,-0.02208589104138661,0.994104533770999,4.376016139984131
gaze,269.817637,0.5470488157078334,0.5565105682747679,-85.25444613861602,-38.93877665453429,869.8754846379118,-31.31150405151944,-5.525461047722663,-31.96178937184369,-0.07886288739717089,-0.05348488914399676,0.9954496529833319,4.396847248077393,29.19252198220562,-5.320663449463871,-30.10003342289586,-0.1070079532496118,-0.02059724245012045,0.9940447935303419,4.373493194580078
gaze,269.837617,0.5474413165060391,0.5575043102395657,-88.52436952245387,-41.13709813299309,895.6224653019067,-31.33850343724832,-5.524497249449817,-31.95715244091806,-0.07951429490534848,-0.05444371693647287,0.9953458487339195,4.406851291656494,29.18572217113849,-5.326211785239599,-30.09539697096916,-0.1081504421188921,-0.02228454483579984,0.9938847422769651,4.367379665374756
gaze,269.857709,0.5490533322759118,0.5579163833935981,-96.78158150807397,-43.91373481527172,946.5880602454365,-31.37532334288896,-5.521481599414164,-31.9537494111722,-0.08172291403418638,-0.05451390572805186,0.9951631019104527,4.408058166503906,29.14666110802868,-5.330327742957307,-30.09056398725232,-0.1128034555074302,-0.02383466484205783,0.9933314095393592,4.361160755157471
gaze,269.877691,0.550224602152429,0.5588219274143134,-102.5745534359178,-46.47138138117552,979.534972968784,-31.4014470280729,-5.524449004377692,-31.9427768923312,-0.08265426095648229,-0.05505900303742664,0.9950561689323184,4.405956268310547,29.10776713953865,-5.337241106354954,-30.07607322516463,-0.1167970791962516,-0.02573354432283082,0.9928223541942485,4.366786479949951
gaze,269.897783,0.5518200312744249,0.5601414244277044,-105.1869511555915,-47.66004355241414,973.1471159545008,-31.45721441240619,-5.535775424502589,-31.92169290008859,-0.0868536974016678,-0.05669759281399708,0.9946063634507663,4.39137077331543,29.08561411761426,-5.341088283047636,-30.06943482106183,-0.1188892812868346,-0.02692149436734393,0.9925424786557647,4.366956233978271
gaze,269.917762,0.5567682616344138,0.561578539093945,-89.22244761367816,-38.0823753001857,752.7165441740699,-31.55385840411071,-5.550184694938234,-31.91671073713901,-0.09498271520862578,-0.06029886711897387,0.9936510103833064,4.376479148864746,28.99127911816396,-5.324197436446027,-30.07508067520927,-0.127677132424047,-0.02251178189336691,0.9915602702468258,4.387007713317871
gaze,269.937855,0.5615673333258315,0.5657257389738085,-74.06673057201614,-31.89726303252051,575.5919976717366,-31.65122919295531,-5.546403188566874,-31.93077307628796,-0.104391046196506,-0.06576500229713515,0.9923595487255901,4.374929428100586,28.9303559646628,-5.32672668972852,-30.07159676952162,-0.1331917304476025,-0.02094334636957022,0.9908689818453384,4.380947113037109
gaze,269.957836,0.568568762580451,0.5668948554172191,-83.76671077069983,-33.10064970928319,583.8948264954179,-31.74876513132071,-5.544425082123825,-31.94619984482722,-0.1149697291512156,-0.06790768680233443,0.9910451591385997,4.366608142852783,28.7859952688008,-5.321881578235724,-30.08098960136681,-0.149751691455494,-0.02139144579405526,0.9884922037897206,4.397553443908691
gaze,269.977927,0.574546847982333,0.5665157301851144,-101.8006004377992,-36.62214250372523,652.2073659434697,-31.84722153480552,-5.530395333475058,-31.96646415448148,-0.1249690716137401,-0.06689088645712749,0.989903197514272,4.354674816131592,28.63540825017387,-5.315990111090359,-30.07975567136948,-0.1646047728818526,-0.02355567537719433,0.9860782924808953,4.441293716430664
gaze,269.997908,0.5796026047059273,0.5665510822572332,-117.6414536057855,-39.58586568871208,705.4097605163197,-31.93879442151239,-5.514727438994647,-31.99141622983591,-0.1347807617380501,-0.06599121613699878,0.9886755310303128,4.360251426696777,28.5224307109772,-5.315183277793251,-30.08914501340248,-0.17557267225839,-0.02574759078044365,0.9841297162087176,4.446816921234131
gaze,270.017999,0.5842712014595918,0.5613802671058962,-146.5509983450297,-41.43199766031524,829.7064475773768,-32.07408720813785,-5.47493647405671,-32.03136072221413,-0.1469881100419701,-0.05844161690667951,0.9874102860106444,4.382498264312744,28.39019000101791,-5.301370713321013,-30.08346979992892,-0.1840323919745644,-0.02420975614562225,0.9826219855119718,4.483411312103271
gaze,270.03798,0.5892924094596526,0.5626431622782133,-160.8074484309057,-44.10141170142703,858.7503256626651,-32.18002569790551,-5.473494759536024,-32.06176288940409,-0.1586652706138348,-0.05942533080940932,0.9855424709058617,4.392849922180176,28.26581600446404,-5.314892361559374,-30.07559324517137,-0.1922364095361451,-0.02627705961398637,0.98099677827539,4.479613780975342
gaze,270.058072,0.5969969170560121,0.563205711145446,-187.1307520456272,-47.71683486066603,919.2309710735069,-32.30246187001463,-5.461269169490244,-32.10315897534406,-0.1719298471220046,-0.05873805026266818,0.9833564812009653,4.410947322845459,28.11930309912128,-5.334302518749955,-30.05305539042112,-0.2096579427859442,-0.02872224284895034,0.9773528430369924,4.486968517303467
gaze,270.078053,0.6040092230140702,0.5617860252183092,-219.1014916670897,-50.28292237727965,1003.047489137165,-32.45477776504232,-5.440264607176704,-32.15687828775098,-0.1867936770497122,-0.05597612861935166,0.9808031378615373,4.436500072479248,27.98690397019712,-5.343106791464519,-30.0387126790449,-0.2230380418776425,-0.02902649897919703,0.9743774906228068,4.490802764892578
gaze,270.098144,0.6082271791925139,0.5566862716267907,-262.9792852294282,-50.92556535130077,1156.533530860215,-32.59538530697322,-5.4032877754939,-32.20423341580312,-0.1970912228852904,-0.04867686511624317,0.9791759865642315,4.457637310028076,27.87818252820614,-5.336382064383382,-30.03594719089288,-0.2310492408983881,-0.02628694077731086,0.972586883021177,4.485363006591797
gaze,270.118126,0.6154666751172228,0.5538818806656769,-215.7389054406088,-36.08730940835495,888.6824788341507,-32.69008252106497,-5.390417756773823,-32.24272243155946,-0.2046743150526625,-0.04735476187086979,0.9776839731149717,4.461410522460938,27.72740180516816,-5.308896167553902,-30.04118675096931,-0.2463918120798051,-0.01787500739522188,0.969005448411231,4.505040645599365
gaze,270.138217,0.6215166828758067,0.5516951073638903,-225.5841411019714,-33.47175180474211,882.4696380570355,-32.78082803451411,-5.367636953110379,-32.27901879065182,-0.2138795650047236,-0.0437359124260458,0.9758804750775844,4.471067905426025,27.59234357981931,-5.312621290516616,-30.04489460404214,-0.2596572280184336,-0.01621846916552755,0.9655646457880022,4.516964912414551
gaze,270.158198,0.6270006362414777,0.5476968453598929,-269.5198504394067,-33.38340248304478,1008.272472401318,-32.88580887168245,-5.324028320471359,-32.32158953571487,-0.2250902653070656,-0.03551440326227091,0.9736904536991824,4.49855375289917,27.47274922475323,-5.225938032268901,-30.15376114282989,-0.2715236633756077,-0.01694411002280697,0.9622825974539001,4.554666519165039
gaze,270.17829,0.6370628112130314,0.5478824643630246,-289.7280465859417,-33.29905644098248,1003.402661950393,-33.02942763723154,-5.283430780214405,-32.37152428793556,-0.2404722635086679,-0.02624471040727533,0.970301141738304,4.523477077484131,,,,,,,
gaze,270.19827,0.640423401363155,0.5421659889005288,-512.5497833495289,-45.63686246557055,1731.938673940759,-33.20308639563158,-5.269828079218284,-32.42622116784581,-0.2621491265745787,-0.02284938105085314,0.9647568300985375,4.547823429107666,27.21464951532212,-5.166982375796623,-30.25989979540154,-0.2927665003403554,-0.02118345984395118,0.9559492859495742,4.579514026641846
gaze,270.218362,0.6459755535162958,0.5461977903338776,-459.7665421697781,-46.3987422657405,1493.867145808472,-33.28608139282846,-5.287346025753905,-32.45678071712679,-0.2690284274724119,-0.02640070915170814,0.9627703297090165,4.544258594512939,27.06806884704836,-5.150126373198106,-30.32470620275036,-0.3041507622778243,-0.02530728322224875,0.9522876956160504,4.589067459106445
gaze,270.238343,0.6542835482050935,0.5448440074001119,-426.9218567169886,-38.47005701527036,1311.481517281058,-33.41323954186606,-5.295233741969673,-32.49990478093329,-0.2816118861748961,-0.02752847841752822,0.9591334257761186,4.559515476226807,26.88895454948532,-5.131203988542851,-30.36712513435752,-0.3196016222352296,-0.01972777456595936,0.9473466197624205,4.610417366027832
gaze,270.258435,0.6596849867875265,0.5453861327996017,-481.7492967602687,-42.73526983333382,1429.210797064757,-33.51233128389457,-5.25030002814847,-32.5638801630313,-0.2931287626067978,-0.02352162834879588,0.955783585092582,4.590087890625,26.83429007530002,-5.183657760627688,-30.32407032547802,-0.3289037861868492,-0.0252656750939512,0.9440253943056843,4.581871509552002
gaze,270.278415,0.6048493524509173,0.5059360971040462,-324.2327186759002,23.78140986684056,1471.971471409974,-32.78852146014951,-5.038895962024521,-32.3633817570513,-0.2224783931076888,0.01378199428887155,0.9748402029223262,4.511554718017578,27.84627499652477,-4.939236137354515,-30.21250609001947,-0.1960086438088059,0.02363723593457579,0.98031724081014,4.627110481262207
gaze,270.298507,0.5439186093203958,0.500709526283806,-136.6164632872875,31.92961301761502,1499.990874018973,-31.46645942405646,-4.989085473475772,-32.13446142936616,-0.09705858153657564,0.01721371056598573,0.995129800537929,4.484636783599854,29.13697077417882,-4.861512520779533,-30.32192477364055,-0.07911156840180988,0.03072023538421663,0.9963923057124359,4.586361885070801
gaze,270.318488,0.4690320156920805,0.5273606674996186,674.8404549299796,-118.7307180752253,10122.83883811883,-29.90195585263312,-5.08114112201378,-32.08023457503193,0.06921643361340522,-0.01135255774904239,0.9975370693615331,4.641318321228027,30.56619085541372,-5.038689803111219,-30.5459460796055,0.06333467749176526,-0.01098564760972969,0.9979318785235839,4.305083751678467
gaze,270.33858,0.4189082505958151,0.5332312414866154,115.2868937988941,-13.18803918564897,668.6458916014982,-28.74163594899961,-5.195372230267444,-32.05175201337951,0.1856986455437641,-0.03146492486469805,0.9821028314522214,4.691794872283936,31.51534473969408,-4.905438566897153,-30.82031533464117,0.1348864691717156,0.008841768920827041,0.9908216103601791,4.316404342651367
gaze,270.358561,0.3976109203512103,0.5130569428704442,144.7940962760804,2.496562067952414,664.2085462682071,,,,,,,,31.86699489122255,-4.879586904959234,-30.91232565206407,0.1603457148544366,0.01047342812690778,0.9870053490387428,4.350287914276123
gaze,270.378652,0.4075153294147357,0.5320779705545525,126.8047710570214,-12.00203639998219,645.1025914085416,-28.56623330511447,-5.273180166344145,-31.91648732900504,0.2019929934217324,-0.03121129225451387,0.97888951666893,4.6764817237854,31.91362846643022,-4.872697061794016,-30.89066165323452,0.1612350884254565,0.01144980553717803,0.9868496076979493,4.38910436630249
gaze,270.398633,0.412443675498728,0.5346936984025442,120.1716900793188,-13.94828354175252,645.833972934448,-28.67636020487429,-5.281482655431333,-31.8690009638984,0.1937300207972481,-0.03410212116528544,0.9804619953745919,4.65508508682251,31.81424614451853,-4.881465442499118,-30.82908073012044,0.1507530810937958,0.00867762737850041,0.9885333617657056,4.393421649932861
gaze,270.418725,0.4212660227021418,0.5367973706822157,117.5679817616571,-16.78740860061632,702.4849203737097,-28.82765237824157,-5.273967645227904,-31.81405783500692,0.1790210843148285,-0.03518863312548037,0.9832157502143177,4.679203987121582,31.65077412537187,-4.914018272406281,-30.73566385892813,0.1331836645244373,0.004003554335894368,0.9910832876486829,4.406309127807617
gaze,270.438705,0.4305041696704068,0.5315094453688712,118.2747397346625,-13.93994264126268,799.5454696852264,-28.98530907841776,-5.231940336426269,-31.78808362583382,0.1634353573464402,-0.02685024787505157,0.9861885966477657,4.686212539672852,31.47860510899439,-4.916104088775896,-30.65804332682455,0.1151339960177381,0.005911609627384337,0.9933323793336253,4.439919471740723
gaze,270.458797,0.4387420858291874,0.5290437312824063,117.6004835974598,-12.91636889015719,900.7115837002107,-29.17294662349252,-5.155061368450971,-31.82806879342633,0.1464308320115877,-0.02265876796234993,0.9889613701610508,4.701015949249268,31.32427908596851,-4.921476610441691,-30.59332052741297,0.101403747778246,0.006022021359554919,0.9948271282968066,4.43826961517334
gaze,270.478778,0.4460072763614046,0.5230878411375933,112.7409403056799,-6.972854160757533,977.6278814305975,-29.31937281415311,-5.109744128935366,-31.81456418996231,0.1306163069761086,-0.01536308930159892,0.9913139542239049,4.698535919189453,31.19277883080483,-4.900431023574591,-30.5356109480733,0.08946358472693094,0.01159215041854185,0.9959226320635963,4.459517002105713
gaze,270.498869,0.4517212867058925,0.5207965456791943,92.17777358271826,-3.837456854792492,892.3965305397833,-29.43763952365269,-5.070433793426873,-31.81160642069798,0.1195467288514701,-0.01400845570254872,0.9927297430770082,4.71195125579834,31.06086821997645,-4.869570395916684,-30.49544760270523,0.07711681142442922,0.01656790313582193,0.9968843975012404,4.492769241333008
gaze,270.518851,0.4574333816834952,0.5223992097573061,78.63477179326739,-5.245357952356017,862.1444179093016,-29.58345704444135,-5.080042233609034,-31.76661573502205,0.1046436175707706,-0.01692887705361631,0.9943656904898751,4.687899112701416,30.97124551936859,-4.869748344151465,-30.46125903878126,0.06902268681791338,0.01644788116540261,0.9974794914731857,4.500414848327637
gaze,270.538942,0.4632414828143342,0.5162458600045251,90.65848547056102,1.520432603206831,1146.928522133527,-29.6985753152074,-5.032142764251306,-31.73914349970757,0.09294597335718671,-0.006559950980319236,0.9956495433031751,4.724985599517822,30.87187784205605,-4.8682760035685,-30.41864986857836,0.05941218681740668,0.01757179794748785,0.9980788666104831,4.497615814208984
gaze,270.558923,0.4665582932597012,0.5134766253758849,91.42536556041635,5.92920294236596,1268.292204174241,-29.77480401454705,-4.997151505409917,-31.7367065690829,0.08657980897532189,-0.001923342219877486,0.9962430614225135,4.721070289611816,30.80120343880834,-4.859337646729822,-30.39528815057115,0.05290886723187639,0.01863468362661718,0.9984254605799954,4.495230674743652
gaze,270.579015,0.4693129745807678,0.5113991274292402,74.60232175514818,8.09362016317647,1125.194716047022,-29.834531341439,-4.973502149874619,-31.7482347509273,0.08197616732214395,-0.0007423071347582161,0.9966340135532651,4.703914165496826,30.72338208388478,-4.828093456269846,-30.38205381460735,0.04591321772941282,0.02322034594940214,0.9986755188607167,4.494788646697998
gaze,270.598996,0.472669211911168,0.5093033032036605,62.44330895702016,10.27045738523416,1053.931586608914,-29.88471096317815,-4.956579621672488,-31.74886768283594,0.07694885978176341,0.001496730344897706,0.9970339175657773,4.691320896148682,30.6393534336809,-4.8097819849574,-30.35832803212119,0.03714195420689183,0.02643618981582739,0.9989602610242887,4.510795593261719
gaze,270.619087,0.4760721723436427,0.506961867822363,52.20121100806585,12.61405463287596,1001.976583775101,-29.95658038290491,-4.919872636225987,-31.760397525042,0.06845367901048377,0.002827730184111285,0.9976502883134628,4.690391063690186,30.58175074242422,-4.773150589831063,-30.35165941497913,0.03175871442457424,0.0309808062644039,0.9990153020356124,4.519051074981689
gaze,270.639067,0.4797998009155843,0.5045777588812714,42.89455936022094,15.01182923850149,969.0900742137098,-30.04516447838163,-4.875797918269468,-31.77482636775861,0.0592933201684716,0.004838087731595435,0.998228879110648,4.678921699523926,30.51757320022284,-4.740215022304251,-30.34091682395903,0.02582801328674319,0.0348020206117857,0.9990604251450445,4.53826904296875
gaze,270.659159,0.4829565908986921,0.5019153624932562,33.85779242524993,16.8340857907309,899.6510491734455,-30.1072741916011,-4.850637015661214,-31.7792009471156,0.05235885893469723,0.007022192206303363,0.9986036444494253,4.677194118499756,30.45335511625794,-4.704689861360331,-30.33920197978946,0.01987703712516366,0.03942726489274313,0.9990247215050297,4.547662258148193
gaze,270.679141,0.4858987922665315,0.4994467454392234,30.22937744368996,20.85382438118049,961.034689274824,-30.17415063942943,-4.856198264505062,-31.73945682551557,0.04665121018345843,0.01066783911586418,0.998854274555111,4.688478946685791,30.38556025418782,-4.685382306559763,-30.32350766103029,0.01396108552373019,0.04098711764544367,0.9990621323411862,4.549337387084961
gaze,270.699232,0.4906088508183695,0.4967457833214453,20.47148309891075,23.75196760187604,950.1830871323159,-30.24752831919491,-4.837827193042918,-31.74471245536932,0.03804783624722912,0.01378821162729951,0.9991807881344721,4.696856498718262,30.27898993671089,-4.664740659169638,-30.31410796633905,0.003562021730655977,0.04429917910840376,0.9990119592534975,4.554993152618408
gaze,270.719213,0.4936039525498079,0.4955130341836901,14.02739857068914,24.41528611996961,920.6797274496944,-30.31000152104173,-4.840938386182912,-31.72570827876994,0.03139703183805469,0.01481359697420217,0.9993972101904459,4.698479652404785,30.21640085570843,-4.655520161851536,-30.31395590834846,-0.00188532284002417,0.04646041910080102,0.9989183525267553,4.544150352478027
gaze,270.739304,0.4974368638836996,0.4967355713921357,6.92571315696336,24.41949227750791,971.3594524441833,-30.37352878602884,-4.820588429918369,-31.74754209101348,0.02313583794970719,0.01407200107449087,0.9996332886554572,4.709309577941895,30.15375822708412,-4.662589482362284,-30.30172958747646,-0.009137946476092328,0.04409932711713357,0.9989853588927199,4.529482364654541
gaze,270.759285,0.4759616408950156,0.4915483861432975,75.11253036670405,44.16071301872616,1429.531615972594,-29.94413800140391,-4.711777737664309,-31.81587633414158,0.06948091547184344,0.0270098523123447,0.9972175641570198,4.709117412567139,30.51233378152127,-4.697523955943532,-30.36392905416187,0.03271248194059026,0.03978276353162337,0.9986727318051062,4.445761203765869
gaze,270.779377,0.4485089078532443,0.490387267499866,102.7625001635004,29.49246559121671,929.1940598274712,-29.30308333804537,-4.692627297572526,-31.86274587311236,0.1303237205613617,0.02319820220447361,0.9912000662194916,4.684622287750244,31.0666830252808,-4.577585424341977,-30.55513472058772,0.08024256880679412,0.0474992529030717,0.9956429837672424,4.472010612487793
gaze,270.799358,0.4383212927317387,0.4914543595940434,124.6056881233399,28.54607856411697,943.017759034476,-29.06195496523183,-4.677246575201134,-31.87886395282206,0.1527457418989413,0.0247443009978742,0.9879556963244196,4.689574241638184,31.287813669838,-4.5637247949557,-30.6193652880349,0.0982581288823743,0.0428149810525507,0.9942395171717952,4.440006732940674
gaze,270.81945,0.435458929260473,0.4920466288414619,118.5514111337229,25.31730760574462,857.9196980038544,-28.98730738808364,-4.691399068036835,-31.86541781578297,0.1599332056532155,0.02295471809720746,0.9868609074467203,4.691238880157471,31.34984213414313,-4.549405484306722,-30.63047133080543,0.1012241483108019,0.04384097513027824,0.9938971982546179,4.432848453521729
gaze,270.83943,0.4354233550619915,0.4952717558968072,125.3408439039465,23.28507518549232,906.9574345213161,-28.98191874482364,-4.698054793083379,-31.85794955771074,0.1602510500352446,0.02190593019059206,0.986833183058356,4.688881397247314,31.35751631197901,-4.585588115924057,-30.60534970355421,0.1016072311149946,0.03713358500721874,0.9941313129811653,4.399863243103027
gaze,270.859522,0.4369913919885998,0.4955389375296105,127.3742461120618,23.97546219978068,944.3900898688365,-29.01815965189391,-4.700931626750021,-31.8432943425406,0.1557681349832904,0.02086387045066947,0.9875732818548937,4.681515693664551,31.34931052535696,-4.594260791590213,-30.57925229137578,0.1003534301771595,0.03735505873281969,0.9942503651690281,4.394392013549805
gaze,270.879503,0.4384373370904588,0.4955917061523425,130.8789151200463,25.17351471782,992.9143931176502,-29.06804089059973,-4.699929722621021,-31.82933458511727,0.1510611273601418,0.01983556354119338,0.9883253949078139,4.670621395111084,31.34123623039088,-4.599581355609343,-30.55798115027666,0.09988820471427783,0.0379770868380009,0.9942736481644566,4.389553070068359
gaze,270.899595,0.4396437107405228,0.4975111374065501,126.1043589144902,22.53768823169048,975.8549467994937,-29.1477331611956,-4.70940307754408,-31.7940424427684,0.1473026612235292,0.01571284848224004,0.9889666487748918,4.635542869567871,31.32945230677123,-4.600049482441273,-30.54924747765532,0.09870341928249278,0.03793757093086779,0.9943934712847877,4.392160892486572
gaze,270.919576,0.4422083338033982,0.4945085221985818,139.0321714739876,29.99001842009132,1122.56940507923,-29.21690500170797,-4.672118192689179,-31.79944707241455,0.1410895443376513,0.02134119962975458,0.9897667875196445,4.639319896697998,31.30233522798133,-4.599305077133409,-30.53269712423428,0.09608432473593406,0.03827535066584188,0.9946370192544849,4.386112689971924
gaze,270.939667,0.4212610218400002,0.5008595369002362,140.6079396575171,15.68158882421509,836.5079564569779,-28.82336242531171,-4.724131061953588,-31.84084328414588,0.1869629458861463,0.01154647478508494,0.9822991070878622,4.6529221534729,31.58071182515008,-4.617777794791195,-30.61236022439734,0.1292927382872357,0.03487839662154481,0.9909928785189623,4.295613288879395
gaze,270.959648,0.3923215764512836,0.5038142168633499,156.5505607957864,9.987441001239153,682.28277590949,-28.19640366858513,-4.733761494076925,-31.94671751119435,0.2461481711534226,0.007533999805286032,0.9692029285370322,4.678235054016113,32.10610060817514,-4.619016409415758,-30.80104381595255,0.176227274717378,0.03283258754843821,0.9838017934729332,4.328932762145996
gaze,270.97974,0.3832089880820443,0.5019788529303587,161.0875797692493,10.76563155507409,647.242589909712,-27.96677594535991,-4.729480089292706,-31.97544395954084,0.2645139833158172,0.01016620482720265,0.9643282640832485,4.692627429962158,32.31249503993986,-4.611445958361044,-30.86546494164369,0.1902043870039771,0.03433574621688627,0.9811438975482502,4.353381633758545
gaze,270.99972,0.3797965307661479,0.5009777602109249,158.0920961383013,10.9565340042049,617.1262370130627,-27.88197773908838,-4.740427692035093,-31.96848806753807,0.2716943926937311,0.01100674493920657,0.9623206370771791,4.692832469940186,32.38842094789959,-4.60528948568591,-30.88198677792344,0.1941674614593589,0.03608753250597876,0.9803043848254779,4.357752799987793
gaze,271.019812,0.379729863788499,0.500136886569815,147.3991203543854,10.78401790398634,575.0180132491295,-27.86290837475275,-4.745470263475072,-31.96443303837873,0.2723693861537224,0.0100553903988717,0.9621402219064386,4.6864013671875,32.39826312127391,-4.604468102141095,-30.85679527294251,0.1915577349602368,0.0398244827004875,0.9806730570146924,4.366336822509766
gaze,271.039793,0.3786330314146497,0.4988032023849116,147.3347630905363,11.57232426062772,569.4994132867305,-27.86923890563015,-4.756485330179578,-31.94571793698397,0.2722912427628017,0.00888980027457181,0.962173815152838,4.684775352478027,32.42559514216532,-4.58078140063742,-30.85639308217321,0.1954843477599412,0.04402041926764919,0.9797183638517607,4.390567302703857
gaze,271.059884,0.3786019502346586,0.497995625595005,151.187634868623,12.43263882938831,584.1952498047383,-27.88225967187176,-4.760501464161615,-31.92523466541918,0.2715647065492949,0.009739048321126091,0.9623709061970828,4.686066627502441,32.43546395822658,-4.576439532679734,-30.85234184838829,0.1971998089867859,0.04461510336795358,0.9793476031966598,4.393303394317627
gaze,271.079865,0.3781653315777023,0.4940547853977985,161.2035535012046,16.11171215481139,620.4205220446013,-27.87785264368489,-4.72579198205275,-31.9167959747013,0.274924168816742,0.01897624790162814,0.9612786294389363,4.720573902130127,32.4361536847132,-4.581377051056201,-30.84690035902362,0.1973208889815974,0.04311864069441545,0.9793902437722045,4.390504837036133
gaze,271.099957,0.3785532375292753,0.4927139991719812,166.4819432413227,17.72242565130538,642.6935374772208,-27.89078652543591,-4.712866881922257,-31.8990732102228,0.2748701057017896,0.02319883314647387,0.961201456060138,4.72788143157959,32.43274382880376,-4.586860577713428,-30.84149673393801,0.1970113140723225,0.04140791532695642,0.9795263787544328,4.384396076202393
gaze,271.119938,0.3799655683881086,0.4923291198243636,169.2126249511167,18.54635683563862,660.8887036183291,-27.92087494085304,-4.711045379722067,-31.87514413719233,0.2720390778548885,0.02444394121026057,0.9619756929662888,4.732229709625244,32.4212299574579,-4.57487963297174,-30.83389093999266,0.1954551529848493,0.04077242799146188,0.9798647316274579,4.402768611907959
gaze,271.14003,0.3814446649188186,0.495346649041512,173.6494923662133,16.82610101208659,686.8808784486068,-27.96162148649609,-4.724106386051011,-31.85791136119623,0.267242606637121,0.01871897145927492,0.963447450204371,4.724907398223877,32.41900216602043,-4.571054270703351,-30.83346195686947,0.1958026993180822,0.03958871568119986,0.9798438837541754,4.399206161499023
gaze,271.16001,0.3806218080371244,0.4939875854887857,169.1365678406997,17.3385339407545,664.3312459137005,-27.96110374872255,-4.71095120905068,-31.84521136610661,0.2699026253427484,0.02078417152460393,0.9626632802008852,4.741189479827881,32.41324730548711,-4.560944633902574,-30.83001478813152,0.195342544846084,0.04078071745801973,0.97988684206732,4.405384063720703
gaze,271.180103,0.3812475309963678,0.4951456017452407,167.0685273659188,16.31664799750744,659.7401195394336,-27.97788784974649,-4.719954329560199,-31.83350758472051,0.2678937216038362,0.017766059057247,0.9632846521515956,4.728941917419434,32.40774052089888,-4.55543226131318,-30.82228161382642,0.1948538680236809,0.04139989316640592,0.9799581720471647,4.410039901733398
gaze,271.200083,0.3812751604388209,0.4919122450702756,167.4301867668044,18.89850910117352,661.1043845717736,-27.98664415083606,-4.705145286886125,-31.82930328211575,0.2670607746517656,0.02017860462257165,0.9634684045457249,4.737048625946045,32.39810557335245,-4.508078573275737,-30.82273968147852,0.1957872108365175,0.04604534924932618,0.9795647982065121,4.445892333984375
gaze,271.220175,0.3816482640545861,0.4913507554435542,166.1888254234414,19.26194806109318,658.2312524972897,-27.99467428307938,-4.700772459856881,-31.8270040748741,0.2661661602078048,0.02035076634118512,0.9637123126065993,4.738543510437012,32.38802849458119,-4.490747643754,-30.82139307926711,0.1952178298308807,0.04716248781484212,0.979625284820291,4.454087257385254
gaze,271.240155,0.3821804305115478,0.4897305129771188,167.6723569489976,20.81393889714952,666.9921261942966,-28.00286587591469,-4.68693243569493,-31.82947996875311,0.2652067092259717,0.02253078776427895,0.9639282986738444,4.750009059906006,32.38012241187171,-4.477891137438392,-30.82045191493942,0.1946109367519955,0.04841669276352228,0.979684850938481,4.455482006072998
gaze,271.260248,0.3827415677644017,0.4883569885896977,169.5784154324947,22.2657526190107,677.702068237708,-28.00957238494048,-4.66938827765503,-31.83065094729184,0.2648253521408181,0.02546259624205364,0.9639601594755386,4.763706207275391,32.3718680131018,-4.474843362071246,-30.8172843062813,0.1933528925550675,0.04834398086775261,0.9799375074230229,4.451651096343994
gaze,271.280227,0.3841433301693568,0.4859105260103844,167.7789152137201,24.28843014664601,678.4377639704135,-28.02368241249838,-4.633049738272499,-31.83234618436555,0.2645215107553614,0.03277698729781199,0.9638226182505683,4.791929244995117,32.34317639354047,-4.471395256744317,-30.80728654011396,0.188484798989917,0.04637906571798069,0.980980358015826,4.440754413604736
gaze,271.30032,0.3841404442720933,0.4835047037436388,166.3949460475167,26.01195812923439,672.6564699157666,-28.02847400194551,-4.617492407688675,-31.83722641753137,0.2645471592015582,0.03477836077809921,0.963745436399039,4.800549983978271,32.3377195827327,-4.446269697329239,-30.81162357234517,0.1883168026846166,0.0497365951517648,0.9808481293907599,4.451948165893555
gaze,271.320301,0.3841568537294555,0.4824334732671102,166.4208235101206,26.87693579715145,672.7810779192104,-28.03090302539007,-4.604263141088076,-31.84187665786895,0.2646898063270327,0.03640215237771437,0.9636462990790904,4.805837631225586,32.33306159563549,-4.435183499850539,-30.81491320926365,0.1881455147728976,0.05043850366873505,0.980845157310011,4.452195167541504
gaze,271.340393,0.3843403543071631,0.4807472440566011,164.722529968487,27.98441897824332,666.8523857459097,-28.03580240768465,-4.586249701470615,-31.84443316244101,0.2647978481005872,0.03887821864034139,0.9635198927664402,4.814903736114502,32.32588808690684,-4.424086084910621,-30.81358699321892,0.1871577781613664,0.0517306848565983,0.9809668201921857,4.454964637756348
gaze,271.360373,0.3842975630924794,0.4798312419409311,166.7873042121388,29.05933835681407,674.8974003024989,-28.03886563831282,-4.575845085468373,-31.84637697531245,0.2646925898333088,0.0401903621083157,0.9634949754310804,4.819200038909912,32.32562523127717,-4.416959220118692,-30.81621492399466,0.187769281335989,0.05230591918404681,0.9808194470976186,4.458574771881104
gaze,271.380465,0.384281726327758,0.4793528856408897,166.4770929121557,29.38424756137488,673.5164065852796,-28.03999919216336,-4.57072545614702,-31.84750265496948,0.2648063642054063,0.040813596555946,0.96343751214725,4.82259464263916,32.3216781217698,-4.409267484392965,-30.81948344005888,0.1876752038270124,0.05273711764438749,0.9808143628082999,4.460277080535889
gaze,271.400445,0.3845337433715003,0.4792803214524433,163.9011361709943,29.05318893713837,664.5339574748805,-28.03959900137736,-4.571006403744517,-31.84599721231214,0.264623077946784,0.04072403684809729,0.9634916602860479,4.829323768615723,32.31347953019404,-4.40226043017878,-30.82069441597744,0.1865627904230116,0.0531161386217148,0.9810061167227747,4.45850133895874
gaze,271.420537,0.3845563892631637,0.4789150124411662,162.8611622430802,29.16167595003417,660.42134627991,-28.0411194902358,-4.570602692105425,-31.84557201252956,0.2646172985071553,0.04071405623962473,0.9634936693903556,4.83108377456665,32.30893470919766,-4.39277724623212,-30.82263812248292,0.1863335209751877,0.05398375627954777,0.9810023307917978,4.463136672973633
gaze,271.440518,0.4088787291179756,0.4771111631934414,194.5169962966471,46.69272151466816,998.135122842319,-28.52138808077105,-4.579359667866919,-31.73544340820127,0.2110441947209185,0.04534530280538183,0.9764241657128767,4.750351905822754,31.96078441736363,-4.382826089474313,-30.74487167468783,0.156244818312913,0.05226731253469462,0.9863344690269956,4.439225673675537
gaze,271.46061,0.4352614762001055,0.4699670227412307,143.0840197231566,57.43336931697479,1029.189474854868,-29.06784522023915,-4.5023082892707,-31.81921722093008,0.1560729147353726,0.04793373786587466,0.9865817766714581,4.794539928436279,31.41319911930406,-4.297658622785809,-30.62422047137712,0.1084806672161005,0.06751005825075147,0.9918035777689703,4.552515506744385
gaze,271.48059,0.4454606429873526,0.468685867106664,107.3203134530796,52.57270469565424,913.9037586992008,-29.27989304809961,-4.481045195723718,-31.85172582838898,0.1343004286675246,0.04574815667507231,0.9898840846384753,4.784777164459229,31.18490703895131,-4.27623937743822,-30.5613285133455,0.08870551252299508,0.07387505089187027,0.9933145568770028,4.593629837036133
gaze,271.500682,0.4493820552003905,0.4680235461573246,95.38571553998636,51.03361644217833,874.021764878469,-29.36452080331036,-4.471039850142993,-31.8619093589728,0.1255935953985237,0.04531499132064393,0.9910463159492002,4.786405086517334,31.09569050183632,-4.268432097815968,-30.53325180912133,0.08146781858822542,0.07629155318789291,0.9937517765753453,4.606352806091309
gaze,271.520663,0.4507406988266364,0.4679404164798313,91.37932081251736,50.3209875156281,859.9786727964563,-29.39879512060928,-4.468322500320393,-31.86289892684383,0.1219973397264555,0.0448531706895914,0.9915164356574016,4.784927368164062,31.06439667641939,-4.265748319224691,-30.51874273071782,0.07954650834175474,0.07711477956533204,0.9938438830033748,4.607582569122314
gaze,271.540755,0.451564610060243,0.4688419594311085,86.86466304821394,47.76018541402027,831.2654016652248,-29.41534314250877,-4.476231877763288,-31.84493337734102,0.1193771540848255,0.04305822416899877,0.9919148574419178,4.775657176971436,31.05140727998779,-4.266205730900925,-30.50881184570787,0.07857841418617197,0.07712127883995973,0.9939203897566825,4.607864856719971
gaze,271.560735,0.4517871455287156,0.4689703674592849,85.62733417826051,47.17163097804608,823.154785129409,-29.4216013798529,-4.477790660133841,-31.83515357629011,0.1183075635401404,0.04266085029947635,0.9920601656456737,4.771013736724854,31.04899658747942,-4.266007805759974,-30.50132561362959,0.07868126856090782,0.07730363865189618,0.9938980860374084,4.607425689697266
gaze,271.580827,0.4518151361148808,0.4688718476209319,86.79336727540047,47.93898300740705,834.8262687920397,-29.42210319253867,-4.476224876145267,-31.82927094457208,0.1183051227011015,0.04300043933227646,0.9920457953945012,4.769777297973633,31.0485759713511,-4.26689524405729,-30.49521670662433,0.07870523413118884,0.0771047236182036,0.993911639793053,4.606475353240967
gaze,271.600808,0.4517016935892013,0.4687568365320527,85.83998074170384,47.41336800857333,823.7366913606849,-29.42131191638893,-4.475985621786036,-31.82521989511584,0.1185205025785348,0.04291652028867207,0.9920237208629861,4.766738891601562,31.04942139602913,-4.264439003863201,-30.49051112063903,0.0788227929757512,0.07752156347070838,0.9938698981781061,4.605964660644531
gaze,271.6209,0.4514500027701272,0.468848860993679,87.17848566893568,47.81304564434746,832.3360734470801,-29.42103654304934,-4.475766009502548,-31.82158863896612,0.1186126933841164,0.04290831162207035,0.9920130572537385,4.764357566833496,31.05651491426305,-4.255970387346371,-30.50079041067124,0.07983093590156554,0.07723417150311215,0.9938118053360545,4.604746341705322
gaze,271.64088,0.4512598728054217,0.4684349371137072,87.43557075983577,48.17453884068281,831.536663931257,-29.41893835439929,-4.473572242313664,-31.8193383506784,0.1190577481486286,0.04336325836834098,0.9919399580768274,4.760890007019043,31.05887750696473,-4.247744851184308,-30.50384487128478,0.08014183062089768,0.07770281475669032,0.9937502500948711,4.603538513183594
gaze,271.660972,0.45132066671226,0.4682985906326011,87.26823885433578,48.27626875572128,830.9442322580878,-29.4172059477147,-4.472234478354206,-31.8176060753301,0.1194319205995086,0.04357698366318351,0.9918856097538322,4.75897216796875,31.05600222775064,-4.240965094409248,-30.50082133428086,0.07951572990590558,0.07779623208161508,0.9937932355230813,4.601048946380615
gaze,271.680953,0.4515274378466389,0.4676011085396137,89.18015193675464,50.24728213464778,852.6065820960414,-29.41829618588071,-4.466318326450736,-31.81416961702217,0.1191875229110386,0.04480754918061709,0.991860180629688,4.760728359222412,31.05381385323737,-4.241731393279469,-30.49444516811598,0.07918259798373821,0.0780086316423033,0.9938031845218858,4.601034164428711
gaze,271.701045,0.4515297210737824,0.4673420259885994,88.77473416110536,50.28129428510439,848.7334878346826,-29.41869386371822,-4.464532293782721,-31.81021904301871,0.1191379570670784,0.04501503113930574,0.9918567407430422,4.758183002471924,31.05449979281001,-4.22856225812105,-30.50070866531529,0.07918687109754746,0.0783998973509084,0.9937720541156042,4.604056835174561
gaze,271.721025,0.451639928796604,0.4667377991963425,88.92546967206643,51.09000451474822,851.991044610227,-29.4201363279018,-4.460845213864228,-31.80658235295174,0.1188458378117043,0.04574736070753137,0.991858279101974,4.759358406066895,31.05422601240624,-4.225185845319649,-30.49917814401539,0.07908604341574452,0.07901983792906048,0.9937309811767508,4.60558032989502
gaze,271.741117,0.4515880649711564,0.4667122703601122,87.67334015543888,50.34217462348047,839.1076711827363,-29.42046786317081,-4.459520290941262,-31.80447361001997,0.1189581318190064,0.04553210941123522,0.9918547221678664,4.756799697875977,31.05423065114465,-4.22227820411263,-30.49739205728075,0.0790443923492346,0.07937197485000372,0.9937062310595374,4.604732513427734
gaze,271.761098,0.4517695414282936,0.4660724372102028,87.51946447577384,51.07843685110094,840.6388859735112,-29.42330090093995,-4.452217380020196,-31.80254335263643,0.1186981918516927,0.04630009728535604,0.9918503114091891,4.755704402923584,31.05223872663725,-4.213230670328307,-30.49861229062807,0.07860916142802973,0.08004055739348828,0.9936871282811918,4.608846664428711
gaze,271.78119,0.4519719948655168,0.4656957257779385,86.58467888982061,51.11711498003749,835.0477787042965,-29.42582423936616,-4.447218788613299,-31.80140216321143,0.1184384252076496,0.04664279254259221,0.9918653080626224,4.751936435699463,31.04927192772206,-4.203023914445968,-30.50134045215753,0.07800693980480368,0.08058592941236921,0.9936905078157053,4.613200664520264
gaze,271.801171,0.4524590334958128,0.4656634229290013,86.87427467340538,51.843627644314,846.2564958195608,-29.43445503117582,-4.440357879929329,-31.80193266027295,0.117581530776597,0.04691964123369875,0.9919541979782803,4.752338409423828,31.04282329687473,-4.19668336065552,-30.50391952052108,0.07704539695424265,0.08032126091200237,0.9937869499312564,4.615987777709961
gaze,271.821262,0.4831789115209258,0.4700503637515329,30.651778806997,46.17971188877267,815.6909902746887,-29.97849423496005,-4.548569551686806,-31.74928033715126,0.05804102266870889,0.04245164100371583,0.9974111979838919,4.688991546630859,30.48765185978812,-4.233538453020355,-30.41052150032511,0.01346021235191498,0.07672713152545854,0.996961268039695,4.607598781585693
gaze,271.841243,0.5124217330897227,0.4700410036507391,-20.9870328191958,49.46628650137042,865.0622978183441,-30.58774282777189,-4.515456311204525,-31.87722953734832,-0.007094391061591807,0.04323872287338327,0.9990395800266094,4.723828315734863,29.90380784841986,-4.262649644323458,-30.31349110679265,-0.03887610199574327,0.07667619798548599,0.9962978517271366,4.675928592681885
gaze,271.861335,0.5234106744632385,0.4699479902660675,-50.42229605982519,61.03465219977907,1061.414718589222,-30.83267273856192,-4.48167922747635,-31.94065562807131,-0.03243653219971517,0.04598256310827618,0.9984154822862324,4.73774528503418,29.6594594835616,-4.250734863831459,-30.29433447295605,-0.05850649951132206,0.07336809917213477,0.995587319896552,4.713649272918701
gaze,271.881315,0.5272306775312081,0.4706131432724432,-62.1534197997843,63.48509236950858,1118.021694278662,-30.9271548785734,-4.479932340602422,-31.95686072442194,-0.04089933413466908,0.04582805339535632,0.9981117342208402,4.732625961303711,29.56475492231949,-4.239685237976035,-30.28914763459962,-0.06571650192090923,0.07184132184724962,0.9952487959553226,4.727589130401611
