Type,Timestamp,Data Accelerometer X,Data Accelerometer Y,Data Accelerometer Z,Data Gyroscope X,Data Gyroscope Y,Data Gyroscope Z,Data Magnetometer X,Data Magnetometer Y,Data Magnetometer Z
imu,564.695902,-0.6495939408000001,-9.377839598400001,3.083477684,-0.11952309,4.20151341,-3.39170526,,,
imu,564.704718,-0.6472013296000001,-9.3838211264,3.0876647536,-0.06718472,4.06692903,-3.56367419,,,
imu,564.713534,-0.6412198016000001,-9.385615584800002,3.0852721424,-0.02232326000000001,4.09683667,-3.57862801,,,
imu,564.722349,-0.646005024,-9.3927934184,3.088861059200001,0.05992275,4.09683667,-3.50385891,,,
imu,564.731165,-0.6495939408000001,-9.401167557600001,3.096038892800001,0.02253820000000001,3.97720611,-3.30198234,,,
imu,564.73998,-0.6501920936000001,-9.4005694048,3.1008241152,0.12721494,3.93234465,-3.10758268,,,
imu,564.748796,-0.6633514552,-9.402962016000002,3.0990296568,0.07487657,3.88748319,-3.05524431,,,
imu,564.757612,-0.6800997336000001,-9.408345391200001,3.108001948800001,-0.09709236,3.797760269999999,-2.99542903,,,
imu,564.766427,-0.6789034280000001,-9.4203084472,3.1247502272,-0.16438455,3.85009864,-2.83093701,,,
imu,564.775243,-0.6741182056000001,-9.422701058400001,3.1115908656,-0.127,3.86505246,-2.56176825,,,
imu,564.784058,-0.6603606912000002,-9.4137287664,3.113385324,-0.20924601,3.96225229,-2.50195297,,,
imu,564.792874,-0.6501920936000001,-9.4215047528,3.128937296800001,-0.34383039,4.07440594,-2.40475314,,,
imu,564.80169,-0.6376308848000001,-9.422102905600001,3.1247502272,-0.5756146,4.03702139,-2.44213769,,,
imu,564.810505,-0.6340419680000001,-9.404756474400001,3.123553921600001,-0.6279529699999999,3.90243701,-2.50942988,,,
imu,564.819321,-0.6250696760000001,-9.3927934184,3.121759463200001,-0.7251528,3.87252937,-2.60662971,,,
imu,564.828136,-0.6160973840000001,-9.388008196000001,3.133124366400001,-0.48589168,3.88000628,-2.38232241,,,
imu,564.836921,-0.6154992312,-9.398176793600001,3.140302200000001,-0.64290679,3.76037572,-2.31503022,,,
imu,564.845737,-0.6095177032000001,-9.394587876800001,3.137311436000001,-0.58309151,3.5958837,-2.38979932,,,
imu,564.854552,-0.6154992312,-9.3904008072,3.1391058944,-0.61299915,3.64822207,-2.41970696,,,
imu,564.863148,-0.6089195504,-9.382026668000002,3.1301336024,-0.65786061,3.62579134,-2.47204533,,,
imu,564.871744,-0.6101158560000001,-9.3622876256,3.136115130400001,-0.53823005,3.42391477,-2.44213769,,,
imu,564.88034,-0.6250696760000001,-9.3628857784,3.115179782400001,-0.46346095,3.48373005,-2.44213769,,,
imu,564.888936,-0.6442105656,-9.360493167200001,3.108001948800001,-0.08961545,3.5211146,-2.41223005,,,
imu,564.897531,-0.6627533024,-9.364680236800002,3.142694811200001,0.09730729999999999,3.70803735,-2.41970696,,,
imu,564.906127,-0.6645477608,-9.3652783896,3.128339144,0.14964567,3.72299117,-2.68139881,,,
imu,564.914723,-0.6765108168000001,-9.3796340568,3.113983476800001,0.30666078,3.82766791,-2.61410662,,,
imu,564.923319,-0.6902683312000001,-9.391597112800001,3.1187686992,0.43376825,3.97720611,-2.6739219,,,
imu,564.931914,-0.7064184568,-9.388008196000001,3.116376088,0.66555246,4.27628251,-2.8234601,,,
imu,564.94051,-0.6956517064000001,-9.377241445600001,3.1115908656,0.5459219,4.42582071,-3.10010577,,,
imu,564.949106,-0.7076147624000001,-9.393391571200002,3.1247502272,0.85995212,4.8669584,-3.26459779,,,
imu,564.957702,-0.7369242496000001,-9.444832712,3.1325262136,0.8524752099999999,5.10621952,-3.48890509,,,
imu,564.966298,-0.741709472,-9.492086783200001,3.142694811200001,0.60573718,5.47258811,-3.81788913,,,
imu,564.974893,-0.7195778184000001,-9.513022131200001,3.1391058944,0.4861066199999999,5.77914142,-4.15435008,,,
imu,564.983489,-0.7165870544000001,-9.527377798400002,3.1456855752,0.2468455,6.063264,-4.34874974,,,
imu,564.992085,-0.7141944432000001,-9.5393408544,3.1630320064,-0.32139966,6.52683242,-4.56558013,,,
imu,565.000681,-0.684884956,-9.534555632000002,3.154657867200001,-0.81487572,6.863293369999999,-4.79736434,,,
imu,565.009276,-0.6567717744000001,-9.5118258256,3.146881880800001,-1.13638285,7.28200033,-4.7674567,,,
imu,565.017872,-0.6424161072,-9.487899713600001,3.1420966584,-1.63733582,7.51378454,-4.59548777,,,
imu,565.026468,-0.6119103144000001,-9.4621791432,3.146881880800001,-2.19062716,7.528738359999999,-4.42351884,,,
imu,565.035064,-0.5670488544000001,-9.458590226400002,3.152265256000001,-2.49718047,7.47639999,-4.42351884,,,
imu,565.04366,-0.5185984776000001,-9.455001309600002,3.138507741600001,-2.50465738,7.3343387,-4.318842099999999,,,
imu,565.052255,-0.4874945320000001,-9.410139849600002,3.122357616,-2.6691494,6.75861663,-4.057150249999999,,,
imu,565.060851,-0.4629702672000001,-9.361091320000002,3.1091982544,-2.34764227,6.12307928,-3.68330475,,,
imu,565.0692,-0.4755314760000001,-9.3006778872,3.1038148792,-2.04856587,5.43520356,-3.15244414,,,
imu,565.077549,-0.4809148512,-9.249834899200001,3.083477684,-1.86912003,4.56040509,-2.75616791,,,
imu,565.085898,-0.5120187968000001,-9.217534648,3.0858702952,-1.29339796,3.85757555,-2.38232241,,,
imu,565.094248,-0.5485061176,-9.2127494256,3.0739072392,-0.58309151,3.12483837,-1.83650798,,,
imu,565.102597,-0.5413282840000001,-9.207964203200001,3.068523864000001,-0.09709236,2.59397776,-1.44770866,,,
imu,565.110946,-0.5431227424,-9.2157401896,3.084673989600001,0.4861066199999999,2.13040934,-1.1785399,,,
imu,565.119295,-0.5820026744000001,-9.228899551200001,3.0762998504,1.08425942,1.75656384,-0.6551562,,,
imu,565.127644,-0.5993491056000001,-9.251629357600002,3.0768980032,1.45062801,1.52477963,-0.1691570499999999,,,
imu,565.135993,-0.6358364264000002,-9.28632222,3.0900573648,2.02635008,1.5023489,0.2345960900000001,,,
imu,565.144342,-0.6561736216000001,-9.3317818328,3.098431504000001,2.15345755,1.31542615,0.4738572100000003,,,
imu,565.152691,-0.6663422192,-9.367072848000001,3.094244434400001,2.46001086,1.33785688,0.6607799600000002,,,
imu,565.16104,-0.6890720256,-9.387410043200001,3.0912536704,2.54225687,1.74161002,0.64582614,,,
imu,565.169389,-0.6968480120000001,-9.403560168800002,3.0912536704,2.58711833,2.10797861,0.58601086,,,
imu,565.177739,-0.6926609424000001,-9.426888128000002,3.0840758368,2.64693361,2.48182411,0.5561032200000002,,,
imu,565.186088,-0.7094092208000001,-9.457393920800001,3.0840758368,2.57964142,2.88557725,0.3093651899999998,,,
imu,565.194437,-0.7016332344,-9.502255380800001,3.087066600800001,2.46001086,3.36409949,0.05515025000000007,,,
imu,565.202786,-0.6920627896000001,-9.545322382400002,3.098431504000001,2.17588828,3.90243701,-0.2813106999999999,,,
imu,565.211135,-0.681894192,-9.564463272000001,3.1068056432,1.83195042,4.35852852,-0.6177716499999999,,,
imu,565.219484,-0.6687348304,-9.5776226336,3.1068056432,1.49548947,4.73237402,-0.93927878,,,
imu,565.227833,-0.6436124128,-9.594370912,3.1109927128,0.78518302,5.091265699999999,-1.21592445,,,
imu,565.236182,-0.6286585928,-9.6087265792,3.1091982544,0.36647606,5.57726485,-1.4776163,,,
imu,565.244531,-0.5981528,-9.595567217600001,3.1032167264,-0.11952309,5.77166451,-1.67201596,,,
imu,565.25288,-0.5664507016000001,-9.5566872856,3.104413032,-0.5008455,5.95858726,-1.79164652,,,
imu,565.26123,-0.5365430616000001,-9.5357519376,3.100225962400001,-0.9943215599999999,6.00344872,-1.87389253,,,
imu,565.269692,-0.5209910888,-9.516012895200001,3.0930481288,-1.34573633,6.010925629999999,-2.1505382,,,
imu,565.278154,-0.4958686712000001,-9.4699551296,3.0810850728,-1.45041307,5.98101799,-2.13558438,,,
imu,565.286616,-0.4910834488,-9.4382530312,3.071514628,-1.60742818,5.58474176,-2.33746095,,,
imu,565.295079,-0.472540712,-9.4215047528,3.094244434400001,-1.61490509,5.36791137,-2.5243837,,,
imu,565.303541,-0.4665591840000001,-9.415523224800001,3.088861059200001,-1.36069015,4.9417275,-2.80850628,,,
imu,565.312003,-0.4653628784000001,-9.4071490856,3.084673989600001,-1.40555161,4.36600543,-3.02533667,,,
imu,565.320466,-0.46356842,-9.3802322096,3.0816832256,-1.45041307,4.15665195,-3.15992105,,,
imu,565.328928,-0.4827093096,-9.346137500000001,3.075103544800001,-1.4728438,3.72299117,-3.16739796,,,
imu,565.33739,-0.5060372688000001,-9.325202152000001,3.0768980032,-1.2485365,3.47625314,-3.07019813,,,
imu,565.345852,-0.5138132552000001,-9.328192916,3.0768980032,-1.19619813,3.1472691,-2.80102937,,,
imu,565.354315,-0.5287670752,-9.304864956800001,3.061944183200001,-0.93450628,3.11736146,-2.65149117,,,
imu,565.362777,-0.5293652280000001,-9.283929608800001,3.0703183224,-0.76253735,2.87810034,-2.58419898,,,
imu,565.371239,-0.5305615336,-9.284527761600001,3.0607478776,-0.47093786,2.65379304,-2.5991528,,,
imu,565.379701,-0.5473098120000001,-9.287518525600001,3.0481866688,-0.15690764,2.60893158,-2.53933752,,,
imu,565.388164,-0.5592728680000001,-9.2899111368,3.029045779200001,0.18703022,2.41453192,-2.63653735,,,
imu,565.396626,-0.5873860496000001,-9.3060612624,3.0487848216,0.3216146,2.44443956,-2.47204533,,,
imu,565.405088,-0.6089195504,-9.318024318400001,3.0457940576,0.6281679099999999,2.36219355,-2.31503022,,,
imu,565.41355,-0.6149010784000001,-9.3443430416,3.049981127200001,0.8749059399999999,2.46687029,-2.21035348,,,
imu,565.422013,-0.62806044,-9.368269153600002,3.0451959048,0.8449983,2.68370068,-2.08324601,,,
imu,565.430475,-0.6220789120000001,-9.384419279200001,3.049981127200001,0.9870595899999999,2.99025399,-1.90380017,,,
imu,565.438937,-0.6394253432000001,-9.408345391200001,3.061346030400001,0.9347212199999999,3.28185348,-1.91875399,,,
imu,565.4474,-0.62806044,-9.416719530400002,3.0607478776,0.80013684,3.61083752,-1.88136944,,,
imu,565.455862,-0.6232752176,-9.436458572800001,3.0643367944,0.85995212,3.93982156,-1.64210832,,,
imu,565.464324,-0.6041343280000001,-9.46576806,3.073309086400001,0.9870595899999999,4.23889796,-1.6271545,,,
imu,565.472784,-0.5957601888000001,-9.481918185600001,3.0673275584,0.53096808,4.66508183,-1.81407725,,,
imu,565.481244,-0.5688433128,-9.492684936000002,3.0739072392,0.47862971,4.94920441,-1.82155416,,,
imu,565.489703,-0.5425245896,-9.499862769600002,3.073309086400001,0.41133752,5.21837317,-1.88884635,,,
imu,565.498163,-0.5275707696,-9.4980683112,3.0739072392,0.30666078,5.36791137,-2.001,,,
imu,565.506623,-0.5096261856000001,-9.503451686400002,3.071514628,0.04496892999999999,5.375388279999999,-2.11315365,,,
imu,565.515082,-0.4797185456,-9.505246144800001,3.077496156,-0.127,5.4651112,-2.21783039,,,
imu,565.523542,-0.4557924336,-9.502255380800001,3.071514628,-0.30644584,5.55483412,-2.41223005,,,
imu,565.532002,-0.4414367664,-9.495675700000001,3.0757016976,-0.38121494,5.569787939999999,-2.51690679,,,
imu,565.540462,-0.4342589328000001,-9.503451686400002,3.079290614400001,-0.6279529699999999,5.25575772,-2.65896808,,,
imu,565.548921,-0.4121272792,-9.481320032800001,3.0852721424,-0.874691,5.091265699999999,-2.96552139,,,
imu,565.557381,-0.4043512928,-9.460982837600001,3.0739072392,-1.28592105,4.82209694,-3.15992105,,,
imu,565.565841,-0.4115291264,-9.443038253600001,3.070916475200001,-1.16629049,4.44077453,-3.14496723,,,
imu,565.574301,-0.4193051128000001,-9.4412437952,3.073309086400001,-1.30087487,4.05945212,-3.15244414,,,
imu,565.58276,-0.4151180432000001,-9.415523224800001,3.0757016976,-1.26349032,3.70056044,-3.30945925,,,
imu,565.59122,-0.4216977240000001,-9.391597112800001,3.073309086400001,-1.23358268,3.40148404,-3.4216129,,,
imu,565.59968,-0.4533998224,-9.368269153600002,3.075103544800001,-1.14385976,3.08745382,-3.32441307,,,
imu,565.608139,-0.4773259344000001,-9.3622876256,3.0762998504,-0.9494601,2.72856214,-3.33188998,,,
imu,565.616599,-0.4892889904,-9.356306097600001,3.077496156,-0.60552224,2.60145467,-3.2720747,,,
imu,565.625059,-0.5144114080000001,-9.344941194400002,3.0757016976,-0.60552224,2.44443956,-3.26459779,,,
imu,565.633519,-0.5305615336,-9.343744888800002,3.0757016976,-0.24663056,2.33228591,-3.29450543,,,
imu,565.641978,-0.5520950344000001,-9.358100556000002,3.071514628,-0.18681528,2.33228591,-3.32441307,,,
imu,564.745229,,,,,,,-90.9070292,186.2635308,113.3133488
imu,564.846822,,,,,,,-90.8459932,186.4466388,112.7274032
imu,565.650438,-0.5694414656000001,-9.3796340568,3.0900573648,0.13469185,2.19770153,-3.32441307,,,
imu,565.658898,-0.5778156048000002,-9.399971252000002,3.0930481288,0.03749201999999999,2.26499372,-3.46647436,,,
imu,565.667358,-0.5963583416000001,-9.422701058400001,3.096038892800001,0.07487657,2.35471664,-3.39170526,,,
imu,565.676249,-0.5981528,-9.4322715032,3.1026185736,0.07487657,2.57154703,-3.38422835,,,
imu,565.68514,-0.5957601888000001,-9.434065961600002,3.089459212,-0.14195382,2.75099287,-3.33188998,,,
imu,565.694031,-0.5999472584000001,-9.4496179344,3.080486920000001,-0.08213854000000001,2.93791562,-3.24216706,,,
imu,565.702922,-0.5945638832000001,-9.461580990400002,3.084673989600001,-0.22419983,2.9977309,-3.10010577,,,
imu,565.711814,-0.5820026744000001,-9.464571754400001,3.074505392,-0.32887657,3.09493073,-2.99542903,,,
imu,565.720705,-0.5628617848,-9.447225323200001,3.084673989600001,-0.61299915,3.12483837,-3.07767504,,,
imu,565.729596,-0.5664507016000001,-9.439449336800001,3.0882629064,-0.67281443,3.15474601,-2.91318302,,,
imu,565.738487,-0.571235924,-9.434065961600002,3.071514628,-0.8672140899999999,3.05754618,-2.68887572,,,
imu,565.747379,-0.5568802568000001,-9.410139849600002,3.0667294056,-1.07656757,2.90053107,-2.55429134,,,
imu,565.75627,-0.5437208952000001,-9.388008196000001,3.0601497248,-0.98684465,2.91548489,-2.47204533,,,
imu,565.765161,-0.5461135064000001,-9.3862137376,3.056560808,-1.07656757,2.60145467,-2.41970696,,,
imu,565.774052,-0.5544876456000001,-9.3802322096,3.0631404888,-1.14385976,2.51173175,-2.30755331,,,
imu,565.782944,-0.5485061176,-9.377241445600001,3.073309086400001,-0.88964482,2.37714737,-2.33746095,,,
imu,565.791835,-0.5622636320000001,-9.4005694048,3.075103544800001,-0.7550604399999999,2.36219355,-2.39727623,,,
imu,565.800726,-0.5718340768000001,-9.4203084472,3.0816832256,-0.80739881,2.30237827,-2.49447606,,,
imu,565.809617,-0.5843952856000001,-9.440645642400002,3.0930481288,-0.54570696,2.45939338,-2.54681443,,,
imu,565.818508,-0.6047324808000001,-9.456795768000001,3.1038148792,-0.64290679,2.55659321,-2.50195297,,,
imu,565.8274,-0.6107140088,-9.474740352000001,3.112787171200001,-0.5980453299999999,2.85566961,-2.5991528,,,
imu,565.836291,-0.6017417168000001,-9.455001309600002,3.116376088,-0.6503837,2.95286944,-2.83093701,,,
imu,565.845182,-0.5969564944000001,-9.435262267200002,3.104413032,-0.77749117,3.33419185,-2.94309066,,,
imu,565.854073,-0.5897786608000001,-9.432869656000001,3.1187686992,-0.85973718,3.50616078,-3.18235178,,,
imu,565.862965,-0.5664507016000001,-9.456197615200002,3.126544685600001,-0.9494601,3.6706528,-3.56367419,,,
imu,565.871856,-0.5574784096000001,-9.4765348104,3.1115908656,-0.78496808,3.88000628,-3.69825857,,,
imu,565.880262,-0.5407301312,-9.463973601600001,3.1026185736,-1.11395212,3.92486774,-3.96742733,,,
imu,565.888668,-0.5185984776000001,-9.440047489600001,3.091851823200001,-1.34573633,4.02954448,-4.034719519999999,,,
imu,565.897075,-0.5096261856000001,-9.405952780000002,3.0739072392,-1.11395212,3.92486774,-4.06462716,,,
imu,565.905481,-0.5197947832,-9.385615584800002,3.0673275584,-0.90459864,3.93234465,-3.84779677,,,
imu,565.913887,-0.5066354216000001,-9.374250681600001,3.0451959048,-0.76253735,3.86505246,-3.81041222,,,
imu,565.922294,-0.5084298800000001,-9.364082084000001,3.0422051408,-0.37373803,3.68560662,-3.77302767,,,
imu,565.930654,-0.5060372688000001,-9.3592968616,3.032634696,-0.14943073,3.43139168,-3.93751969,,,
imu,565.939061,-0.5018501992000001,-9.3664746952,3.033831001600001,0.08235347999999998,3.06502309,-3.93751969,,,
imu,565.947467,-0.5299633808,-9.385615584800002,3.0493829744,0.12721494,2.75846978,-3.95247351,,,
imu,565.955873,-0.565254396,-9.394587876800001,3.0410088352,0.32909151,2.74351596,-3.88518132,,,
imu,565.96428,-0.5784137576,-9.396980488,3.0523737384,0.32909151,2.53416248,-3.58610492,,,
imu,565.972686,-0.6077232448000001,-9.3927934184,3.056560808,0.28423005,2.57154703,-3.30198234,,,
imu,565.981092,-0.6250696760000001,-9.4077472384,3.05057928,0.19450713,2.72108523,-3.10758268,,,
imu,565.989499,-0.6376308848000001,-9.406550932800002,3.0607478776,-0.26906129,2.78090051,-3.24216706,,,
imu,565.997905,-0.6495939408000001,-9.3993730992,3.051775585600001,-0.16438455,2.96034635,-3.30198234,,,
imu,566.006311,-0.6477994824000001,-9.4071490856,3.054168196800001,-0.15690764,3.07997691,-3.08515195,,,
imu,566.014718,-0.6549773160000001,-9.432869656000001,3.0577571136,-0.29896893,3.31923803,-3.04029049,,,
imu,566.023124,-0.6555754688000001,-9.435262267200002,3.057158960800001,-0.31392275,3.70056044,-3.08515195,,,
imu,566.03153,-0.6567717744000001,-9.423897364000002,3.0607478776,-0.5681376899999999,3.98468302,-3.10010577,,,
imu,566.039937,-0.6507902464,-9.439449336800001,3.0727109336,-0.59056842,4.33609779,-3.16739796,,,
imu,566.048343,-0.6418179544000001,-9.455001309600002,3.079290614400001,-0.58309151,4.455728349999999,-3.26459779,,,
imu,566.056749,-0.6172936896000001,-9.474142199200001,3.0727109336,-0.68776825,4.68003565,-3.4216129,,,
imu,566.065156,-0.6113121616,-9.479525574400002,3.092449976,-0.874691,4.762281659999999,-3.48890509,,,
imu,566.073562,-0.6065269392000001,-9.483712644000002,3.0936462816,-0.90459864,4.8669584,-3.44404363,,,
imu,566.082029,-0.5981528,-9.4831144912,3.096038892800001,-1.07656757,4.84452767,-3.45152054,,,
imu,566.090497,-0.5790119104,-9.484908949600001,3.1062074904,-1.00179847,4.82957385,-3.35432071,,,
imu,566.098964,-0.5766192992000001,-9.495675700000001,3.1145816296,-1.15133667,4.66508183,-3.37675144,,,
imu,566.107431,-0.5694414656000001,-9.4765348104,3.105609337600001,-1.27844414,4.77723548,-3.23469015,,,
imu,566.115899,-0.5796100632000001,-9.4424401008,3.113385324,-1.49527453,4.59031273,-3.18235178,,,
imu,566.124366,-0.5790119104,-9.427486280800002,3.1301336024,-1.53265908,4.44077453,-3.39170526,,,
imu,566.132833,-0.5778156048000002,-9.439449336800001,3.131329908000001,-1.71958183,4.246374869999999,-3.83284295,,,
imu,566.141301,-0.5724322296000001,-9.422102905600001,3.113983476800001,-1.65976655,4.09683667,-3.90013514,,,
imu,566.149768,-0.565254396,-9.367671000800001,3.113983476800001,-1.9962275,3.88000628,-3.9449966,,,
imu,566.158236,-0.5754229936,-9.3006778872,3.115179782400001,-1.93641222,3.68560662,-3.89265823,,,
imu,566.166703,-0.5909749664,-9.2929019008,3.1115908656,-1.44293616,3.69308353,-3.5711511,,,
imu,566.17517,-0.6035361752000001,-9.325202152000001,3.1062074904,-1.11395212,3.61831443,-3.48142818,,,
imu,566.183638,-0.5879842024,-9.334174444000002,3.107403796,-0.85973718,3.5211146,-3.43656672,,,
imu,566.192105,-0.5820026744000001,-9.323407693600002,3.108001948800001,-0.63542988,3.46877623,-3.58610492,,,
imu,566.200572,-0.5808063688,-9.309052026400002,3.113983476800001,-0.38869185,3.22951511,-3.70573548,,,
imu,566.20904,-0.5981528,-9.334174444000002,3.1229557688,-0.20924601,3.03511545,-3.83284295,,,
imu,566.217507,-0.6089195504,-9.3622876256,3.117572393600001,-0.02980017,2.86314652,-3.85527368,,,
imu,566.225974,-0.6226770648,-9.3838211264,3.1145816296,-0.10456927,2.76594669,-3.85527368,,,
imu,566.234442,-0.6430142600000001,-9.408345391200001,3.1109927128,-0.10456927,2.72108523,-3.68330475,,,
imu,566.242909,-0.6663422192,-9.4215047528,3.1109927128,-0.06718472,2.65379304,-3.60853565,,,
imu,566.251376,-0.6753145112000001,-9.436458572800001,3.126544685600001,0.02253820000000001,2.78090051,-3.31693616,,,
imu,566.259844,-0.6866794144,-9.4496179344,3.117572393600001,-0.07466163,2.97530017,-3.00290594,,,
imu,566.268311,-0.6908664840000001,-9.439449336800001,3.119366852000001,-0.29149202,3.20708438,-2.81598319,,,
imu,566.276779,-0.6884738728,-9.425691822400001,3.113385324,-0.38869185,3.43886859,-2.65149117,,,
imu,566.285327,-0.6842868032,-9.415523224800001,3.1091982544,-0.54570696,3.54354533,-2.58419898,,,
imu,566.293876,-0.6729219000000001,-9.399971252000002,3.091851823200001,-0.5008455,3.76037572,-2.35989168,,,
imu,566.302425,-0.6657440664000001,-9.3838211264,3.091851823200001,-0.4260764,4.08188285,-2.38979932,,,
imu,566.310973,-0.6472013296000001,-9.364680236800002,3.0930481288,-0.5681376899999999,4.30619015,-2.42718387,,,
imu,566.319522,-0.6370327320000001,-9.359895014400001,3.0912536704,-0.18681528,4.37348234,-2.38979932,,,
imu,566.328071,-0.6220789120000001,-9.359895014400001,3.0852721424,-0.09709236,4.39591307,-2.38979932,,,
imu,566.33662,-0.6059287864000001,-9.3718580704,3.088861059200001,-0.007369440000000005,4.39591307,-2.54681443,,,
imu,566.345168,-0.5939657304000001,-9.371259917600002,3.087066600800001,0.03749201999999999,4.48563599,-2.63653735,,,
imu,566.353717,-0.5736285352000001,-9.3802322096,3.0840758368,0.11226112,4.4183438,-2.53933752,,,
imu,566.362266,-0.5700396184000001,-9.3898026544,3.082281378400001,0.19450713,4.37348234,-2.50195297,,,
imu,566.370815,-0.5562821040000001,-9.382026668000002,3.071514628,0.08983038999999998,4.27628251,-2.45709151,,,
imu,566.379363,-0.5550857984,-9.402962016000002,3.0876647536,0.14964567,4.05197521,-2.29259949,,,
imu,566.387912,-0.5508987288,-9.4173176832,3.0882629064,-0.07466163,3.92486774,-2.3748455,,,
imu,566.396461,-0.5550857984,-9.427486280800002,3.094244434400001,-0.17186146,3.820191,-2.38232241,,,
imu,566.40501,-0.5604691736,-9.444234559200002,3.1032167264,-0.30644584,3.76785263,-2.34493786,,,
imu,566.413558,-0.5670488544000001,-9.453805004000001,3.096038892800001,-0.22419983,3.6706528,-2.36736859,,,
imu,566.422107,-0.571235924,-9.457393920800001,3.1157779352,-0.33635348,3.55849915,-2.46456842,,,
imu,566.430656,-0.5843952856000001,-9.4729458936,3.113983476800001,-0.5307531400000001,3.40148404,-2.55429134,,,
imu,566.439204,-0.5939657304000001,-9.4765348104,3.1091982544,-0.2017691,3.5211146,-2.51690679,,,
imu,566.447753,-0.5975546472000001,-9.48072188,3.113385324,-0.29896893,3.65569898,-2.59167589,,,
imu,566.456302,-0.6119103144000001,-9.4801237272,3.1145816296,-0.47093786,3.69308353,-2.78607555,,,
imu,566.464851,-0.6065269392000001,-9.470553282400001,3.1145816296,-0.68029134,3.73794499,-2.95056757,,,
imu,564.948629,,,,,,,-90.87040760000001,186.8616836,112.471052
imu,565.049917,,,,,,,-91.2976596,186.3856028,112.6907816
imu,565.151662,,,,,,,-90.93144360000001,186.5320892,113.081412
imu,565.253194,,,,,,,-90.833786,186.3001524,113.3621776
imu,565.35494,,,,,,,-89.93045319999999,186.3001524,113.5574928
imu,565.456167,,,,,,,-90.85820040000002,186.5076748,113.3743848
imu,565.557729,,,,,,,-88.68531880000002,185.5799276,111.2015032
imu,565.659322,,,,,,,-91.09013720000002,186.8494764,113.0447904
imu,566.473399,-0.5987509528,-9.440645642400002,3.112189018400001,-0.77001426,3.78280645,-3.09262886,,,
imu,566.481948,-0.6017417168000001,-9.444832712,3.1032167264,-0.7999219,3.92486774,-3.31693616,,,
imu,566.490333,-0.5939657304000001,-9.441841948000002,3.096038892800001,-0.82235263,3.98468302,-3.36927453,,,
imu,566.498718,-0.5897786608000001,-9.429280739200001,3.0840758368,-0.46346095,4.149175039999999,-3.496382,,,
imu,566.507102,-0.5963583416000001,-9.423299211200002,3.087066600800001,-0.48589168,4.104313579999999,-3.48142818,,,
imu,566.515487,-0.5915731192000001,-9.410139849600002,3.074505392,-0.6503837,3.9697292,-3.53376655,,,
imu,566.523872,-0.5855915912,-9.399971252000002,3.0721127808,-0.64290679,3.93234465,-3.62348947,,,
imu,566.532256,-0.5927694248,-9.392195265600002,3.0757016976,-0.68776825,3.93234465,-3.66087402,,,
imu,566.540641,-0.6005454112,-9.382624820800002,3.065533100000001,-0.82982954,3.93982156,-3.57862801,,,
imu,566.549026,-0.6047324808000001,-9.3868118904,3.065533100000001,-0.71019898,3.79028336,-3.51133582,,,
imu,566.557411,-0.6065269392000001,-9.393989724,3.068523864000001,-0.7999219,3.70803735,-3.54872037,,,
imu,566.565795,-0.6137047728000001,-9.388008196000001,3.0679257112,-0.8821679099999999,3.5958837,-3.47395127,,,
imu,566.57418,-0.6262659816,-9.385615584800002,3.082281378400001,-1.04665993,3.57345297,-3.496382,,,
imu,566.582565,-0.6256678288,-9.382624820800002,3.0798887672,-0.81487572,3.49868387,-3.45152054,,,
imu,566.590949,-0.6400234960000001,-9.393391571200002,3.079290614400001,-0.58309151,3.49868387,-3.23469015,,,
imu,566.599334,-0.6585662328000002,-9.4071490856,3.079290614400001,-0.70272207,3.48373005,-3.17487487,,,
imu,566.607719,-0.6495939408000001,-9.4215047528,3.101422268000001,-0.83730645,3.60336061,-3.17487487,,,
imu,566.616103,-0.6388271904000001,-9.438851184,3.115179782400001,-0.90459864,3.49868387,-3.17487487,,,
imu,566.624488,-0.6412198016000001,-9.4490197816,3.1169742408,-1.11395212,3.58840679,-3.07767504,,,
imu,566.632873,-0.6513883992,-9.4490197816,3.128937296800001,-1.18124431,3.66317589,-2.96552139,,,
imu,566.641258,-0.6472013296000001,-9.460982837600001,3.133124366400001,-1.3980747,3.797760269999999,-2.93561375,,,
imu,566.649642,-0.6358364264000002,-9.446627170400001,3.1301336024,-1.52518217,3.9697292,-2.9729983,,,
imu,566.658027,-0.6292567456000001,-9.415523224800001,3.136115130400001,-1.68219728,3.88748319,-3.07019813,,,
imu,566.666412,-0.6268641344,-9.379035904000002,3.1247502272,-1.62985891,4.00711375,-3.03281358,,,
imu,566.674796,-0.6184899952000001,-9.3652783896,3.1325262136,-1.71958183,4.08188285,-3.18235178,,,
imu,566.683181,-0.6101158560000001,-9.388606348800002,3.137311436000001,-1.622382,3.91739083,-3.36179762,,,
imu,566.691959,-0.6059287864000001,-9.413130613600002,3.140900352800001,-1.50275144,3.88748319,-3.61601256,,,
imu,566.700736,-0.6077232448000001,-9.409541696800002,3.1391058944,-1.622382,3.78280645,-3.5711511,,,
imu,566.709514,-0.6053306336000001,-9.402363863200002,3.143292964,-1.39059779,3.62579134,-3.30945925,,,
imu,566.718292,-0.6113121616,-9.395186029600001,3.1486763392,-1.35321324,3.69308353,-3.13001341,,,
imu,566.727069,-0.6196863008000001,-9.376045140000002,3.146881880800001,-1.27096723,3.68560662,-2.8982292,,,
imu,566.735847,-0.6172936896000001,-9.3688673064,3.1438911168,-1.11395212,3.60336061,-2.69635263,,,
imu,566.744624,-0.6202844536000002,-9.356306097600001,3.1420966584,-1.11395212,3.55849915,-2.748691,,,
imu,566.753402,-0.61310662,-9.329389221600001,3.1307317552,-0.82235263,3.46877623,-2.81598319,,,
imu,566.76218,-0.6178918424000002,-9.3335762912,3.1444892696,-0.71019898,3.55849915,-2.91318302,,,
imu,566.770957,-0.6340419680000001,-9.3246039992,3.131329908000001,-0.71019898,3.49868387,-3.05524431,,,
imu,566.779735,-0.631051204,-9.3210150824,3.1259465328,-0.49336859,3.40148404,-2.91318302,,,
imu,566.788513,-0.6507902464,-9.307257568,3.1295354496,-0.32139966,3.34914567,-3.00290594,,,
imu,566.79729,-0.6543791632000001,-9.308453873600001,3.112189018400001,0.08235347999999998,3.55102224,-2.94309066,,,
imu,566.806068,-0.6573699272000001,-9.328791068800001,3.1109927128,0.14964567,3.76037572,-2.84589083,,,
imu,566.814845,-0.6448087184,-9.335370749600001,3.1181705464,0.27675314,3.820191,-2.86832156,,,
imu,566.823623,-0.6370327320000001,-9.357502403200002,3.1229557688,0.3739529699999999,3.91739083,-2.87579847,,,
imu,566.832401,-0.6244715232,-9.388606348800002,3.1229557688,0.3963837,3.99215993,-2.78607555,,,
imu,566.841178,-0.6160973840000001,-9.405354627200001,3.1187686992,0.20946095,4.05197521,-2.83841392,,,
imu,566.849956,-0.6160973840000001,-9.4346641144,3.136115130400001,0.52349117,4.216467229999999,-2.84589083,,,
imu,566.858733,-0.6095177032000001,-9.446627170400001,3.140900352800001,0.21693786,4.15665195,-3.04029049,,,
imu,566.867511,-0.6023398696000001,-9.457992073600002,3.138507741600001,0.15712258,4.149175039999999,-3.0477674,,,
imu,566.876289,-0.5975546472000001,-9.4753385048,3.142694811200001,-0.2017691,4.08935976,-3.1225365,,,
imu,566.885066,-0.58319898,-9.478927421600002,3.142694811200001,-0.61299915,4.00711375,-3.1973056,,,
imu,566.893844,-0.5993491056000001,-9.477731116000001,3.149274492,-0.68776825,3.88000628,-3.3468438,,,
imu,566.902309,-0.6047324808000001,-9.469356976800002,3.149872644800001,-0.85973718,3.75289881,-3.33188998,,,
imu,566.910774,-0.6035361752000001,-9.450814240000001,3.152265256000001,-0.95693701,3.78280645,-3.24964397,,,
imu,566.919238,-0.5999472584000001,-9.422102905600001,3.149274492,-1.01675229,3.69308353,-3.18982869,,,
imu,566.927703,-0.6095177032000001,-9.405952780000002,3.137311436000001,-1.19619813,3.55102224,-3.20478251,,,
imu,566.936168,-0.5999472584000001,-9.3868118904,3.1307317552,-1.29339796,3.45382241,-3.1973056,,,
imu,566.944633,-0.6107140088,-9.370661764800001,3.1367132832,-1.18872122,3.33419185,-3.1973056,,,
imu,566.953098,-0.6172936896000001,-9.359895014400001,3.1295354496,-0.98684465,3.40896095,-3.13749032,,,
imu,566.961562,-0.6406216488000002,-9.361091320000002,3.1450874224,-0.92702937,3.36409949,-3.16739796,,,
imu,566.970027,-0.6454068712000001,-9.389204501600002,3.138507741600001,-0.74758353,3.46877623,-3.28702852,,,
imu,566.978492,-0.6507902464,-9.417915836,3.156452325600001,-0.56066078,3.3715764,-3.60853565,,,
imu,566.986957,-0.6561736216000001,-9.422102905600001,3.1767895208,-0.5307531400000001,3.54354533,-3.62348947,,,
imu,566.995422,-0.6525847048000001,-9.440047489600001,3.173200604000001,-0.74758353,3.55102224,-3.58610492,,,
imu,567.003887,-0.6519865520000001,-9.457393920800001,3.1863599656,-0.73262971,3.75289881,-3.31693616,,,
imu,567.012351,-0.6603606912000002,-9.4526086984,3.180378437600001,-0.8821679099999999,3.820191,-3.21225942,,,
imu,567.020821,-0.6364345792000001,-9.413130613600002,3.167219076,-0.98684465,3.88748319,-3.24964397,,,
imu,567.029286,-0.6214807592000001,-9.3545116392,3.1696116872,-0.8821679099999999,3.99963684,-3.1973056,,,
imu,567.037751,-0.6077232448000001,-9.330585527200002,3.1600412424,-0.77001426,3.98468302,-3.27955161,,,
imu,567.046216,-0.6154992312,-9.33118368,3.1480781864,-0.61299915,3.70056044,-3.48890509,,,
imu,567.05468,-0.6089195504,-9.323407693600002,3.1337225192,-0.37373803,3.41643786,-3.70573548,,,
imu,567.063145,-0.5987509528,-9.2929019008,3.131329908000001,-0.26906129,3.28185348,-3.85527368,,,
imu,567.07161,-0.6340419680000001,-9.288714831200002,3.128339144,0.10478421,3.09493073,-3.82536604,,,
imu,567.080075,-0.6501920936000001,-9.305463109600002,3.116376088,0.5459219,2.8481927,-3.66835093,,,
imu,567.08854,-0.6687348304,-9.336567055200002,3.108001948800001,0.9870595899999999,2.7734236,-3.44404363,,,
imu,567.097004,-0.6836886504,-9.356306097600001,3.108001948800001,1.26370526,2.89305416,-3.22721324,,,
imu,567.105467,-0.6926609424000001,-9.380830362400001,3.1068056432,1.42072037,2.98277708,-2.8982292,,,
imu,567.113929,-0.7016332344,-9.411934308000001,3.1109927128,1.40576655,3.1472691,-2.74121409,,,
imu,567.122391,-0.7076147624000001,-9.440645642400002,3.119366852000001,1.42072037,3.25942275,-2.53933752,,,
imu,567.130854,-0.7159889016000002,-9.447823476,3.107403796,1.0693056,3.45382241,-2.41223005,,,
imu,567.139316,-0.7153907488000001,-9.451412392800002,3.1091982544,0.8674290299999999,3.55102224,-2.46456842,,,
imu,567.147778,-0.7153907488000001,-9.478927421600002,3.122357616,0.5982602699999999,3.79028336,-2.35241477,,,
imu,567.15624,-0.7255593464000001,-9.478329268800001,3.1229557688,0.20946095,3.85009864,-2.28512258,,,
imu,567.164703,-0.7207741240000002,-9.46576806,3.1169742408,0.05244583999999999,4.00711375,-2.38979932,,,
imu,567.173165,-0.7004369288000002,-9.4526086984,3.123553921600001,-0.34383039,4.08935976,-2.39727623,,,
imu,567.181627,-0.6765108168000001,-9.444234559200002,3.1307317552,-0.51579932,4.13422122,-2.48699915,,,
imu,567.190089,-0.6723237472000001,-9.438851184,3.1241520744,-0.70272207,4.2688056,-2.54681443,,,
imu,567.198552,-0.6717255944000001,-9.4322715032,3.1211613104,-0.7550604399999999,4.44825144,-2.58419898,,,
imu,567.207014,-0.6537810104000001,-9.417915836,3.1319280608,-0.56066078,4.523020539999999,-2.44213769,,,
imu,567.215476,-0.6358364264000002,-9.4203084472,3.1307317552,-0.5681376899999999,4.40338998,-2.40475314,,,
imu,567.223939,-0.62806044,-9.401765710400001,3.128339144,-0.71767589,4.35852852,-2.43466078,,,
imu,567.232401,-0.6190881480000001,-9.3754469872,3.1181705464,-0.58309151,4.23889796,-2.41970696,,,
imu,567.240863,-0.6101158560000001,-9.350922722400002,3.112787171200001,-0.45598404,4.1192674,-2.3748455,,,
imu,567.249325,-0.6059287864000001,-9.330585527200002,3.1038148792,-0.35878421,4.0444983,-2.38979932,,,
imu,567.257788,-0.5927694248,-9.337165208000002,3.1008241152,-0.22419983,3.75289881,-2.41970696,,,
imu,567.26625,-0.5927694248,-9.337165208000002,3.092449976,-0.14943073,3.55849915,-2.45709151,,,
imu,567.274712,-0.5999472584000001,-9.3317818328,3.0912536704,0.26927623,3.45382241,-2.47952224,,,
imu,567.283174,-0.6119103144000001,-9.3413522776,3.100225962400001,0.3963837,3.23699202,-2.46456842,,,
imu,565.760851,,,,,,,-89.3567148,185.9339364,111.2137104
imu,565.862505,,,,,,,-91.1023444,186.3856028,113.4964568
imu,565.963976,,,,,,,-91.3464884,186.886098,112.9959616
imu,566.065569,,,,,,,-91.16338040000001,186.5931252,113.5819072
imu,566.167132,,,,,,,-91.09013720000002,186.8738908,113.203484
imu,566.268694,,,,,,,-91.1023444,186.6053324,113.1546552
imu,566.370226,,,,,,,-90.98027239999999,186.3733956,113.5941144
imu,566.473833,,,,,,,-88.81959800000001,186.0682156,113.26452
imu,567.291637,-0.6214807592000001,-9.355109792000002,3.0996278096,0.43376825,2.94539253,-2.50942988,,,
imu,567.300099,-0.6292567456000001,-9.370661764800001,3.092449976,0.50853735,2.8481927,-2.56924516,,,
imu,567.308564,-0.6406216488000002,-9.393989724,3.100225962400001,0.4711528,2.69117759,-2.56924516,,,
imu,567.317029,-0.6609588440000002,-9.410139849600002,3.101422268000001,0.59078336,2.55659321,-2.45709151,,,
imu,567.325493,-0.6723237472000001,-9.431075197600002,3.1068056432,0.620691,2.48930102,-2.44213769,,,
imu,567.333958,-0.6902683312000001,-9.455001309600002,3.109796407200001,0.42629134,2.45191647,-2.47952224,,,
imu,567.342423,-0.7004369288000002,-9.460982837600001,3.116376088,0.38142988,2.54163939,-2.2253073,,,
imu,567.350888,-0.70282954,-9.470553282400001,3.1169742408,0.29918387,2.78837742,-2.15801511,,,
imu,567.359353,-0.7243630408,-9.475936657600002,3.128339144,0.01506129,2.94539253,-2.06829219,,,
imu,567.367817,-0.7261574992000001,-9.464571754400001,3.128937296800001,-0.30644584,3.12483837,-2.03838455,,,
imu,567.376282,-0.7243630408,-9.454403156800002,3.1355169776,-0.50832241,3.51363769,-2.09819983,,,
imu,567.384747,-0.7201759712000001,-9.4286825864,3.1277409912,-0.78496808,3.70056044,-2.35241477,,,
imu,567.393212,-0.7129981376000001,-9.405354627200001,3.128339144,-1.13638285,3.95477538,-2.47952224,,,
imu,567.401677,-0.7094092208000001,-9.396980488,3.1199650048,-0.91207555,4.4183438,-2.58419898,,,
imu,567.410142,-0.6974461648000001,-9.390998960000001,3.12534838,-0.81487572,4.70246638,-2.66644499,,,
imu,567.418606,-0.6806978864000002,-9.3694654592,3.1199650048,-0.81487572,4.92677368,-2.748691,,,
imu,567.427071,-0.6561736216000001,-9.343744888800002,3.1026185736,-0.76253735,5.08378879,-2.9729983,,,
imu,567.435536,-0.6442105656,-9.332978138400001,3.1038148792,-0.68776825,5.113696429999999,-3.18982869,,,
imu,567.444001,-0.6334438152,-9.334174444000002,3.1020204208,-0.23915365,5.18098862,-3.22721324,,,
imu,567.452466,-0.6208826064000001,-9.3545116392,3.116376088,-0.14943073,5.14360407,-3.27955161,,,
imu,567.46093,-0.6101158560000001,-9.3993730992,3.1181705464,-0.04475399000000001,5.07631188,-3.47395127,,,
imu,567.469395,-0.6023398696000001,-9.4412437952,3.11039456,0.11226112,4.99406587,-3.51133582,,,
imu,567.47786,-0.5981528,-9.446627170400001,3.1211613104,0.11973803,4.814620029999999,-3.42908981,,,
imu,567.486325,-0.5945638832000001,-9.443038253600001,3.1229557688,-0.01484635000000001,4.65760492,-3.28702852,,,
imu,567.49479,-0.5963583416000001,-9.441841948000002,3.119366852000001,0.05244583999999999,4.44077453,-3.07019813,,,
imu,567.503254,-0.5903768136,-9.437654878400002,3.126544685600001,-0.09709236,4.35105161,-2.98795212,,,
imu,567.511717,-0.6035361752000001,-9.440645642400002,3.133124366400001,-0.32887657,4.17908268,-2.95056757,,,
imu,567.520179,-0.6071250920000001,-9.4322715032,3.128339144,-0.55318387,3.99215993,-2.84589083,,,
imu,567.528641,-0.6137047728000001,-9.425691822400001,3.134320672,-0.68776825,3.87252937,-2.71130645,,,
imu,567.537104,-0.6065269392000001,-9.440645642400002,3.1337225192,-0.69524516,3.61831443,-2.76364482,,,
imu,567.545566,-0.6107140088,-9.444832712,3.131329908000001,-0.8821679099999999,3.56597606,-2.81598319,,,
imu,567.554028,-0.61310662,-9.4346641144,3.1277409912,-1.0242292,3.55849915,-2.75616791,,,
imu,567.56249,-0.6226770648,-9.414925072,3.1205631576,-1.06909066,3.58092988,-2.6739219,,,
imu,567.570953,-0.6340419680000001,-9.408345391200001,3.105609337600001,-0.85973718,3.53606842,-2.48699915,,,
imu,567.579415,-0.6418179544000001,-9.388008196000001,3.1026185736,-0.71767589,3.64074516,-2.41223005,,,
imu,567.587877,-0.6340419680000001,-9.3766432928,3.0900573648,-0.46346095,3.73046808,-2.53186061,,,
imu,567.596339,-0.6184899952000001,-9.3419504304,3.088861059200001,-0.6279529699999999,3.78280645,-2.748691,,,
imu,567.604802,-0.6071250920000001,-9.3419504304,3.0882629064,-0.65786061,3.71551426,-2.87579847,,,
imu,567.613264,-0.5909749664,-9.352717180800001,3.0906555176,-0.31392275,3.70803735,-2.93561375,,,
imu,567.621726,-0.601143564,-9.358100556000002,3.0876647536,0.07487657,3.62579134,-3.08515195,,,
imu,567.630189,-0.6059287864000001,-9.348530111200002,3.068523864000001,0.14964567,3.64074516,-3.20478251,,,
imu,567.638651,-0.6083213976,-9.3586987088,3.0852721424,0.2468455,3.73794499,-3.18982869,,,
imu,567.647113,-0.5963583416000001,-9.357502403200002,3.0906555176,0.31413769,3.70803735,-3.30198234,,,
imu,567.655575,-0.5903768136,-9.3766432928,3.0972351984,0.41881443,3.58840679,-3.39170526,,,
imu,567.664038,-0.5933675776,-9.404756474400001,3.089459212,0.38142988,3.47625314,-3.31693616,,,
imu,567.6725,-0.5981528,-9.416719530400002,3.091851823200001,0.27675314,3.45382241,-3.25712088,,,
imu,567.680962,-0.5945638832000001,-9.422701058400001,3.0948425872,0.14964567,3.35662258,-3.24216706,,,
imu,567.689424,-0.5981528,-9.435860420000001,3.0990296568,0.34404533,3.24446893,-3.24964397,,,
imu,567.697887,-0.6035361752000001,-9.451412392800002,3.1086001016,0.38142988,3.18465365,-3.20478251,,,
imu,567.706349,-0.6154992312,-9.468160671200001,3.109796407200001,0.15712258,3.12483837,-3.44404363,,,
imu,567.715192,-0.6250696760000001,-9.481320032800001,3.116376088,-0.05970781,3.05754618,-3.55619728,,,
imu,567.724036,-0.6292567456000001,-9.492684936000002,3.119366852000001,-0.21672292,2.90053107,-3.46647436,,,
imu,567.732879,-0.6376308848000001,-9.481320032800001,3.117572393600001,-0.29896893,2.90800798,-3.44404363,,,
imu,567.741723,-0.6388271904000001,-9.4669643656,3.116376088,-0.43355331,2.97530017,-3.23469015,,,
imu,567.750566,-0.6340419680000001,-9.455001309600002,3.1271428384,-0.71767589,3.02016163,-3.21973633,,,
imu,567.75941,-0.6412198016000001,-9.443038253600001,3.128339144,-0.97189083,2.90053107,-3.13749032,,,
imu,567.768253,-0.6406216488000002,-9.430477044800002,3.1241520744,-1.06161375,2.99025399,-3.15244414,,,
imu,567.777097,-0.6466031768,-9.409541696800002,3.1211613104,-1.15881358,2.94539253,-3.18235178,,,
imu,567.78594,-0.6603606912000002,-9.401765710400001,3.1211613104,-1.07656757,2.87810034,-3.22721324,,,
imu,567.794784,-0.6651459136000001,-9.380830362400001,3.113983476800001,-0.95693701,2.87810034,-3.13001341,,,
imu,567.803627,-0.6771089696000001,-9.356306097600001,3.112787171200001,-1.15133667,2.9977309,-3.23469015,,,
imu,567.812471,-0.6866794144,-9.343146736000001,3.133124366400001,-1.03170611,2.9229618,-3.39170526,,,
imu,567.821314,-0.6932590952000001,-9.364680236800002,3.1307317552,-0.82235263,2.80333124,-3.61601256,,,
imu,567.830157,-0.7058203040000001,-9.379035904000002,3.122357616,-0.95693701,2.90053107,-3.66087402,,,
imu,567.839001,-0.7082129152000001,-9.373652528800001,3.1379095888,-0.84478336,3.03511545,-3.66835093,,,
imu,567.847844,-0.7213722768,-9.370661764800001,3.12534838,-0.7251528,3.09493073,-3.53376655,,,
imu,567.856688,-0.7500836112000001,-9.346735652800001,3.1259465328,-0.67281443,3.30428421,-3.45152054,,,
imu,567.865531,-0.7482891528000001,-9.340155972000002,3.11039456,-0.55318387,3.4463455,-3.18982869,,,
imu,567.874375,-0.7590559032000002,-9.3347725968,3.1068056432,-0.5681376899999999,3.67812971,-3.20478251,,,
imu,567.883218,-0.7452983888000001,-9.335370749600001,3.1109927128,-0.5756146,3.85009864,-3.38422835,,,
imu,567.892062,-0.7285501104000001,-9.3443430416,3.112189018400001,-0.30644584,3.93982156,-3.496382,,,
imu,567.900905,-0.7153907488000001,-9.360493167200001,3.121759463200001,-0.26906129,3.9697292,-3.57862801,,,
imu,567.909749,-0.7076147624000001,-9.388606348800002,3.1301336024,-0.29896893,3.96225229,-3.6459202,,,
imu,567.918207,-0.6986424704000002,-9.401167557600001,3.12534838,-0.32887657,4.0444983,-3.69825857,,,
imu,567.926666,-0.6896701784000001,-9.4137287664,3.1307317552,-0.25410747,4.09683667,-3.73564312,,,
imu,567.935124,-0.6992406232000001,-9.4215047528,3.1319280608,-0.26906129,4.149175039999999,-3.68330475,,,
imu,567.943582,-0.6860812616,-9.4346641144,3.1259465328,-0.3513073,3.9697292,-3.65339711,,,
imu,567.952041,-0.684884956,-9.4412437952,3.140302200000001,-0.37373803,3.85757555,-3.60105874,,,
imu,567.960499,-0.6866794144,-9.443038253600001,3.1355169776,-0.41859949,3.8949601,-3.53376655,,,
imu,567.968958,-0.6824923448,-9.425691822400001,3.1205631576,-0.52327623,3.7454219,-3.36179762,,,
imu,567.977416,-0.6992406232000001,-9.412532460800001,3.116376088,-0.5681376899999999,3.61831443,-3.14496723,,,
imu,567.985875,-0.7094092208000001,-9.403560168800002,3.1062074904,-0.49336859,3.46877623,-3.13001341,,,
imu,567.994333,-0.7010350816000002,-9.394587876800001,3.100225962400001,-0.70272207,3.58092988,-3.06272122,,,
imu,568.002792,-0.7135962904,-9.380830362400001,3.0930481288,-0.51579932,3.54354533,-2.84589083,,,
imu,568.01125,-0.723764888,-9.359895014400001,3.0852721424,-0.4260764,3.67812971,-2.74121409,,,
imu,568.019709,-0.7351297912000001,-9.350324569600001,3.070916475200001,-0.30644584,3.73046808,-2.56924516,,,
imu,568.028167,-0.7177833600000001,-9.343744888800002,3.0697201696,-0.34383039,3.797760269999999,-2.58419898,,,
imu,568.036625,-0.7261574992000001,-9.3455393472,3.0649349472,-0.01484635000000001,3.96225229,-2.62158353,,,
imu,568.045084,-0.7351297912000001,-9.3592968616,3.0768980032,0.10478421,3.93234465,-2.63653735,,,
imu,568.053542,-0.7327371800000001,-9.395186029600001,3.083477684,0.14964567,3.99215993,-2.61410662,,,
imu,568.062001,-0.7297464160000001,-9.4244955168,3.0786924616,0.30666078,4.171605769999999,-2.62906044,,,
imu,568.070459,-0.7351297912000001,-9.438851184,3.0840758368,0.13469185,4.38095925,-2.6739219,,,
imu,568.078918,-0.7375224024000001,-9.453206851200001,3.0978333512,-0.08213854000000001,4.523020539999999,-2.68139881,,,
imu,568.087376,-0.7243630408,-9.478329268800001,3.096637045600001,0.0001074699999999984,4.567882,-2.49447606,,,
imu,568.095835,-0.7135962904,-9.490292324800002,3.1026185736,-0.32139966,4.77723548,-2.50195297,,,
imu,568.104293,-0.7094092208000001,-9.492086783200001,3.0900573648,-0.56066078,4.84452767,-2.45709151,,,
imu,566.573534,,,,,,,-91.1145516,186.2513236,112.5565024
imu,566.674944,,,,,,,-88.8562196,185.5921348,110.5423144
imu,566.776537,,,,,,,-90.98027239999999,186.1414588,112.9227184
imu,566.885851,,,,,,,-91.05351560000001,186.5442964,113.6063216
imu,566.987444,,,,,,,-90.77275,186.6663684,113.0936192
imu,567.088976,,,,,,,-91.61504680000002,186.1292516,113.26452
imu,567.190539,,,,,,,-90.91923639999999,185.7386212,113.5330784
imu,567.292132,,,,,,,-91.3098668,186.4100172,114.0457808
imu,568.112713,-0.6968480120000001,-9.481918185600001,3.094244434400001,-0.8522602699999999,4.92677368,-2.64401426,,,
imu,568.121174,-0.6830904976000001,-9.478927421600002,3.1038148792,-0.9943215599999999,5.00901969,-2.62906044,,,
imu,568.129635,-0.6741182056000001,-9.463973601600001,3.0930481288,-1.1737674,5.136127159999999,-2.74121409,,,
imu,568.138096,-0.6675385248000001,-9.462777296000002,3.1109927128,-1.48779762,5.15108098,-2.95056757,,,
imu,568.146557,-0.6597625384000001,-9.453206851200001,3.1187686992,-1.71958183,5.18846553,-3.01785976,,,
imu,568.155018,-0.6472013296000001,-9.4460290176,3.1241520744,-1.71210492,5.08378879,-3.04029049,,,
imu,568.163479,-0.6507902464,-9.4286825864,3.122357616,-1.86912003,5.001542779999999,-3.1973056,,,
imu,568.17194,-0.6382290376000002,-9.422701058400001,3.12534838,-2.07847351,4.88938913,-3.2720747,,,
imu,568.180401,-0.6352382736000001,-9.393989724,3.1211613104,-1.95136604,4.84452767,-3.30945925,,,
imu,568.188862,-0.6256678288,-9.3688673064,3.1259465328,-1.86912003,4.53797436,-3.27955161,,,
imu,568.197323,-0.6178918424000002,-9.367671000800001,3.1319280608,-1.82425857,4.523020539999999,-3.17487487,,,
imu,568.205784,-0.6238733704,-9.371259917600002,3.134320672,-1.76444329,4.3435747,-3.22721324,,,
imu,568.214245,-0.6262659816,-9.378437751200002,3.146283728,-1.70462801,4.05197521,-3.09262886,,,
imu,568.222706,-0.6322475096000001,-9.381428515200001,3.1588449368,-1.87659694,3.91739083,-3.1225365,,,
imu,568.231167,-0.6274622872000001,-9.3838211264,3.149872644800001,-1.61490509,3.79028336,-3.09262886,,,
imu,568.239628,-0.6370327320000001,-9.3652783896,3.1558541728,-1.62985891,3.53606842,-3.06272122,,,
imu,568.248089,-0.6477994824000001,-9.3628857784,3.158246784000001,-1.67472037,3.40148404,-3.08515195,,,
imu,568.25655,-0.6483976352,-9.3622876256,3.1714061456,-1.59995127,3.34166876,-2.94309066,,,
imu,568.265011,-0.6603606912000002,-9.364680236800002,3.170209840000001,-1.38312088,3.16222292,-2.98795212,,,
imu,568.273472,-0.6741182056000001,-9.370661764800001,3.1714061456,-1.1737674,3.23699202,-2.86084465,,,
imu,568.281933,-0.6812960392000001,-9.3664746952,3.1839673544,-1.35321324,3.19213056,-2.71130645,,,
imu,568.290394,-0.6842868032,-9.347333805600002,3.1684153816,-1.15133667,3.19213056,-2.69635263,,,
imu,568.298855,-0.6956517064000001,-9.351520875200002,3.1737987568,-0.65786061,3.4463455,-2.54681443,,,
imu,568.307316,-0.7070166096,-9.344941194400002,3.1839673544,-0.66533752,3.55849915,-2.43466078,,,
imu,568.315777,-0.7094092208000001,-9.3838211264,3.2055008552,-0.39616876,3.77532954,-2.3748455,,,
imu,568.324241,-0.7118018320000001,-9.4005694048,3.2055008552,-0.17933837,4.02954448,-2.33746095,,,
imu,568.332704,-0.7040258456,-9.401765710400001,3.2025100912,-0.127,4.28375942,-2.38232241,,,
imu,568.341168,-0.6962498592000002,-9.394587876800001,3.2108842304,-0.04475399000000001,4.51554363,-2.53186061,,,
imu,568.349631,-0.6968480120000001,-9.403560168800002,3.2055008552,0.07487657,4.89686604,-2.64401426,,,
imu,568.358095,-0.6711274416,-9.391597112800001,3.194135952000001,-0.04475399000000001,5.08378879,-2.62906044,,,
imu,568.366559,-0.6579680800000002,-9.3802322096,3.1995193272,-0.15690764,5.17351171,-2.73373718,,,
imu,568.375022,-0.6376308848000001,-9.372456223200002,3.1899488824,-0.17186146,5.42772665,-2.66644499,,,
imu,568.383486,-0.6160973840000001,-9.3586987088,3.1875562712,-0.32139966,5.442680469999999,-2.748691,,,
imu,568.391949,-0.5843952856000001,-9.346735652800001,3.175593215200001,-0.17933837,5.34548064,-2.87579847,,,
imu,568.400413,-0.5640580904000001,-9.3377633608,3.1684153816,-0.09709236,5.18846553,-2.95804448,,,
imu,568.408876,-0.5550857984,-9.327594763200002,3.1654246176,-0.20924601,4.89686604,-3.01785976,,,
imu,568.41734,-0.5485061176,-9.343744888800002,3.1684153816,-0.26158438,4.388436159999999,-3.15244414,,,
imu,568.425803,-0.5437208952000001,-9.373054376,3.1648264648,-0.34383039,3.88000628,-3.30945925,,,
imu,568.434267,-0.5497024232000001,-9.398176793600001,3.15525602,-0.41112258,3.23699202,-3.3468438,,,
imu,568.44273,-0.5592728680000001,-9.4041583216,3.161237548,-0.50832241,2.87062343,-3.31693616,,,
imu,568.451194,-0.5826008272000001,-9.395784182400002,3.1588449368,-0.5756146,2.51173175,-3.07767504,,,
imu,568.459658,-0.6137047728000001,-9.382026668000002,3.152265256000001,-0.7999219,2.06311715,-2.81598319,,,
imu,568.468121,-0.6442105656,-9.391597112800001,3.1379095888,-0.8821679099999999,1.75656384,-2.57672207,,,
imu,568.476585,-0.6783052752000002,-9.3868118904,3.134320672,-1.00927538,1.52477963,-2.5991528,,,
imu,568.485048,-0.7010350816000002,-9.378437751200002,3.1397040472,-1.03918302,1.32290306,-2.62906044,,,
imu,568.493512,-0.7285501104000001,-9.382026668000002,3.1444892696,-0.9644139199999999,1.27056469,-2.6739219,,,
imu,568.501975,-0.7500836112000001,-9.377839598400001,3.1600412424,-1.12890594,1.30047233,-2.66644499,,,
imu,568.510439,-0.7775986400000001,-9.372456223200002,3.1504707976,-1.48779762,1.40514907,-2.86832156,,,
imu,568.518902,-0.8093007384,-9.382026668000002,3.1588449368,-1.31582869,1.6518871,-2.89075229,,,
imu,568.527387,-0.8254508640000001,-9.382624820800002,3.1576486312,-1.03918302,2.13788625,-2.75616791,,,
imu,568.535873,-0.8272453224,-9.3688673064,3.1486763392,-1.18124431,2.52668557,-2.81598319,,,
imu,568.544358,-0.8350213088000001,-9.351520875200002,3.1558541728,-1.27844414,3.0725,-2.99542903,,,
imu,568.552843,-0.8134878080000001,-9.346137500000001,3.1534615616,-1.27096723,3.47625314,-3.07767504,,,
imu,568.561328,-0.7991321408000002,-9.339557819200001,3.1588449368,-0.91207555,3.88000628,-3.08515195,,,
imu,568.569813,-0.7764023344000002,-9.3108464848,3.137311436000001,-0.70272207,4.3435747,-3.06272122,,,
imu,568.578298,-0.76264482,-9.274359164000002,3.1397040472,-0.64290679,4.70994329,-3.10758268,,,
imu,568.586784,-0.7405131664000002,-9.262396108,3.1438911168,-0.51579932,4.84452767,-3.21225942,,,
imu,568.595269,-0.7183815128000002,-9.283929608800001,3.1486763392,-0.20924601,4.92677368,-3.21225942,,,
imu,568.603754,-0.6890720256,-9.324005846400002,3.1397040472,0.23189168,5.08378879,-3.1973056,,,
imu,568.612239,-0.666940372,-9.340155972000002,3.138507741600001,0.6281679099999999,4.99406587,-3.14496723,,,
imu,568.620724,-0.6531828576,-9.360493167200001,3.122357616,1.18145925,4.92677368,-2.95056757,,,
imu,568.629209,-0.6448087184,-9.403560168800002,3.1349188248,1.36090509,4.7921893,-2.83093701,,,
imu,568.637695,-0.6442105656,-9.440645642400002,3.133124366400001,1.5179202,4.56040509,-2.61410662,,,
imu,568.64618,-0.6507902464,-9.48072188,3.1367132832,1.69736604,4.44077453,-2.38979932,,,
imu,568.654665,-0.6543791632000001,-9.524387034400002,3.136115130400001,1.8169966,4.31366706,-2.10567674,,,
imu,568.66315,-0.6483976352,-9.557883591200001,3.142694811200001,1.55530475,4.17908268,-1.88136944,,,
imu,568.671635,-0.6466031768,-9.583604161600002,3.136115130400001,1.30856672,4.18655959,-1.73183124,,,
imu,568.68012,-0.6495939408000001,-9.569248494400002,3.1307317552,0.57582954,4.194036499999999,-1.80660034,,,
imu,568.688605,-0.6477994824000001,-9.555490980000002,3.146283728,-0.09709236,4.09683667,-1.85893871,,,
imu,568.697091,-0.6166955368000001,-9.553696521600001,3.143292964,-0.91955246,3.97720611,-2.16549202,,,
imu,568.705576,-0.6292567456000001,-9.551303910400001,3.142694811200001,-1.37564397,3.77532954,-2.41223005,,,
imu,568.714061,-0.6352382736000001,-9.5291722568,3.1414985056,-1.95884295,3.64074516,-2.70382954,,,
imu,568.722546,-0.6202844536000002,-9.477132963200003,3.140900352800001,-2.63176485,3.53606842,-2.74121409,,,
imu,568.731339,-0.6256678288,-9.4203084472,3.1247502272,-3.13271782,3.52859151,-2.78607555,,,
imu,568.740132,-0.6274622872000001,-9.395784182400002,3.1307317552,-3.52899405,3.43139168,-2.75616791,,,
imu,568.748925,-0.646005024,-9.3838211264,3.154059714400001,-3.37945585,3.31176112,-2.71130645,,,
imu,568.757718,-0.6537810104000001,-9.3652783896,3.1456855752,-3.52899405,3.11736146,-3.03281358,,,
imu,568.766511,-0.6483976352,-9.343744888800002,3.15525602,-3.4168404,3.05006927,-3.15244414,,,
imu,568.775304,-0.6448087184,-9.3455393472,3.1576486312,-3.1925331,2.95286944,-3.25712088,,,
imu,568.784097,-0.6585662328000002,-9.3413522776,3.180378437600001,-2.87850288,2.90053107,-3.2720747,,,
imu,567.393618,,,,,,,-91.02910120000001,186.2269092,112.9227184
imu,567.49518,,,,,,,-89.063742,185.6775852,112.3733944
imu,567.596773,,,,,,,-91.2976596,186.4954676,112.715196
imu,567.698305,,,,,,,-88.49000360000001,185.8362788,110.6277648
imu,567.800112,,,,,,,-91.1267588,186.3245668,113.6795648
imu,567.90143,,,,,,,-91.4075244,186.6175396,110.8352872
imu,568.002993,,,,,,,-91.016894,186.519882,113.0447904
imu,568.104555,,,,,,,-90.82157880000001,186.6297468,113.3133488
imu,568.79289,-0.6699311360000001,-9.335370749600001,3.184565507200001,-2.9682258,2.88557725,-3.32441307,,,
imu,568.801684,-0.6753145112000001,-9.329389221600001,3.198921174400001,-2.63176485,2.78090051,-3.28702852,,,
imu,568.810477,-0.6968480120000001,-9.330585527200002,3.2043045496,-2.34016536,2.70613141,-3.23469015,,,
imu,568.81927,-0.7022313872,-9.335968902400001,3.2150713,-1.95136604,2.89305416,-3.09262886,,,
imu,568.828063,-0.7123999848000001,-9.3383615136,3.221052828,-1.88407385,3.13979219,-3.08515195,,,
imu,568.836856,-0.7159889016000002,-9.332978138400001,3.217463911200001,-1.85416621,3.26689966,-3.08515195,,,
imu,568.845649,-0.726755652,-9.322211388000001,3.2252398976,-1.63733582,3.2968073,-3.16739796,,,
imu,568.854442,-0.7315408744,-9.309052026400002,3.2318195784,-1.56256672,3.45382241,-3.31693616,,,
imu,568.863235,-0.7333353328000001,-9.309052026400002,3.2294269672,-1.30835178,3.67812971,-3.3468438,,,
imu,568.872028,-0.7279519576000001,-9.328791068800001,3.2318195784,-0.95693701,3.797760269999999,-3.41413599,,,
imu,568.880821,-0.7303445688000001,-9.325800304800001,3.2276325088,-0.9943215599999999,4.01459066,-3.54872037,,,
imu,568.889614,-0.7243630408,-9.311444637600001,3.225838050400001,-0.91955246,4.08935976,-3.6459202,,,
imu,568.898407,-0.7165870544000001,-9.325800304800001,3.238399259200001,-0.5756146,4.410866889999999,-3.65339711,,,
imu,568.9072,-0.7100073736000001,-9.337165208000002,3.241988176,-0.37373803,4.36600543,-3.63096638,,,
imu,568.915993,-0.7064184568,-9.3419504304,3.238399259200001,-0.46346095,4.433297619999999,-3.57862801,,,
imu,568.924786,-0.6938572480000001,-9.334174444000002,3.2461752456,-0.5980453299999999,4.500589809999999,-3.61601256,,,
imu,568.93327,-0.6980443176000002,-9.350324569600001,3.236006648,-0.32139966,4.4183438,-3.44404363,,,
imu,568.941754,-0.6926609424000001,-9.3796340568,3.2467733984,-0.29149202,4.36600543,-3.33936689,,,
imu,568.950238,-0.6884738728,-9.404756474400001,3.250960468,-0.40364567,4.22394414,-3.24964397,,,
imu,568.958722,-0.6890720256,-9.4107380024,3.254549384800001,-0.62047606,4.104313579999999,-3.11505959,,,
imu,568.967206,-0.6914646368,-9.4071490856,3.2653161352,-0.8672140899999999,3.97720611,-3.00290594,,,
imu,568.975689,-0.6854831088000001,-9.431075197600002,3.270101357600001,-0.91207555,3.85009864,-2.88327538,,,
imu,568.984173,-0.6836886504,-9.4322715032,3.2772791912,-1.20367504,3.79028336,-2.83093701,,,
imu,568.992657,-0.7016332344,-9.427486280800002,3.270699510400001,-1.51022835,3.6706528,-2.69635263,,,
imu,569.001141,-0.7016332344,-9.403560168800002,3.2641198296,-1.74201256,3.60336061,-2.748691,,,
imu,569.009625,-0.70282954,-9.391597112800001,3.2653161352,-1.94388913,3.55102224,-2.66644499,,,
imu,569.018109,-0.6974461648000001,-9.3586987088,3.254549384800001,-1.94388913,3.43139168,-2.6739219,,,
imu,569.026593,-0.7070166096,-9.328192916,3.242586328800001,-2.06351969,3.40896095,-2.71878336,,,
imu,569.035077,-0.7040258456,-9.297687123200001,3.224043592000001,-1.87659694,3.38653022,-2.66644499,,,
imu,569.043561,-0.7082129152000001,-9.279144386400002,3.225838050400001,-1.71210492,3.48373005,-2.68139881,,,
imu,569.052044,-0.6986424704000002,-9.268377636,3.2150713,-1.39059779,3.54354533,-2.64401426,,,
imu,569.060528,-0.7159889016000002,-9.2576108856,3.2114823832,-1.13638285,3.63326825,-2.65896808,,,
imu,569.069012,-0.7129981376000001,-9.246245982400001,3.1959304104,-0.73262971,3.70056044,-2.65896808,,,
imu,569.077496,-0.7255593464000001,-9.245049676800003,3.2084916192,-0.38869185,3.820191,-2.5991528,,,
imu,569.08598,-0.7183815128000002,-9.269573941600001,3.210286077600001,0.04496892999999999,3.85757555,-2.61410662,,,
imu,569.094464,-0.7076147624000001,-9.2929019008,3.2108842304,0.34404533,3.98468302,-2.63653735,,,
imu,569.102948,-0.6992406232000001,-9.3317818328,3.2228472864,0.55339881,4.05197521,-2.76364482,,,
imu,569.111432,-0.7034276928000001,-9.363483931200001,3.2192583696,0.71789083,4.15665195,-2.83093701,,,
imu,569.119915,-0.6968480120000001,-9.4071490856,3.225838050400001,0.65059864,4.29871324,-2.80850628,,,
imu,569.128399,-0.6860812616,-9.4382530312,3.2437826344,0.50853735,4.33609779,-2.94309066,,,
imu,569.136862,-0.6884738728,-9.456197615200002,3.2461752456,0.22441477,4.23889796,-3.09262886,,,
imu,569.145324,-0.6878757200000001,-9.451412392800002,3.2515586208,-0.05970781,4.23142105,-3.01785976,,,
imu,569.153786,-0.6866794144,-9.459786532,3.2443807872,-0.38869185,4.194036499999999,-3.05524431,,,
imu,569.162248,-0.6806978864000002,-9.468758824,3.2497641624,-0.59056842,4.149175039999999,-3.14496723,,,
imu,569.170711,-0.6741182056000001,-9.4526086984,3.2581383016,-0.78496808,4.09683667,-3.01038285,,,
imu,569.179173,-0.6723237472000001,-9.439449336800001,3.250960468,-1.06909066,4.08935976,-2.94309066,,,
imu,569.187635,-0.666940372,-9.4173176832,3.2515586208,-1.31582869,3.93982156,-2.8982292,,,
imu,569.196098,-0.6579680800000002,-9.398774946400001,3.2407918704,-1.51770526,3.82766791,-2.92065993,,,
imu,569.204591,-0.6603606912000002,-9.370661764800001,3.233015884,-1.81678166,3.86505246,-3.08515195,,,
imu,569.213053,-0.6663422192,-9.357502403200002,3.2431844816,-1.9214584,3.7454219,-2.85336774,,,
imu,569.221515,-0.6717255944000001,-9.3246039992,3.2222491336,-1.86164312,3.73794499,-2.80850628,,,
imu,569.229978,-0.6531828576,-9.295294512000002,3.2228472864,-1.98127368,3.63326825,-2.80102937,,,
imu,569.23844,-0.648995788,-9.2552182744,3.2204546752,-1.8466893,3.52859151,-2.748691,,,
imu,569.246902,-0.6615569968000001,-9.221123564800001,3.2168657584,-1.58499745,3.40148404,-2.79355246,,,
imu,569.255364,-0.6645477608,-9.220525412,3.2264362032,-1.31582869,3.35662258,-2.79355246,,,
imu,569.263827,-0.6735200528,-9.262396108,3.227034356,-1.10647521,3.20708438,-3.01038285,,,
imu,569.272289,-0.6687348304,-9.2899111368,3.2372029536,-0.73262971,3.04259236,-3.23469015,,,
imu,569.280751,-0.6860812616,-9.322211388000001,3.2557456904,-0.60552224,3.02016163,-3.31693616,,,
imu,569.289213,-0.6854831088000001,-9.351520875200002,3.2593346072,-0.49336859,3.05754618,-3.13001341,,,
imu,569.297676,-0.6944554008000001,-9.3658765424,3.2677087464,-0.3513073,2.98277708,-3.01785976,,,
imu,569.306138,-0.7046239984,-9.3718580704,3.2665124408,-0.34383039,2.97530017,-2.99542903,,,
imu,569.3146,-0.7177833600000001,-9.377839598400001,3.2551475376,0.03001510999999998,3.05006927,-2.72626027,,,
imu,569.323062,-0.7207741240000002,-9.363483931200001,3.250960468,0.15712258,3.10988455,-2.57672207,,,
imu,569.331525,-0.7159889016000002,-9.3455393472,3.2413900232,0.09730729999999999,3.08745382,-2.80102937,,,
imu,569.340007,-0.7219704296,-9.332978138400001,3.2503623152,0.4711528,3.20708438,-2.76364482,,,
imu,569.34849,-0.7106055264000001,-9.3419504304,3.2413900232,0.58330645,3.21456129,-2.80102937,,,
imu,569.356973,-0.7064184568,-9.322211388000001,3.230025120000001,0.44872207,3.25942275,-2.92065993,,,
imu,569.365455,-0.7118018320000001,-9.324005846400002,3.2222491336,0.56835263,3.27437657,-2.93561375,,,
imu,569.373938,-0.7100073736000001,-9.325202152000001,3.217463911200001,1.11416706,3.48373005,-2.78607555,,,
imu,569.38242,-0.7082129152000001,-9.334174444000002,3.204902702400001,1.1440747,3.48373005,-2.77859864,,,
imu,569.390903,-0.7106055264000001,-9.348530111200002,3.195332257600001,1.48053565,3.64822207,-2.76364482,,,
imu,569.399386,-0.7147925960000001,-9.360493167200001,3.2037063968,1.84690424,3.84262173,-2.68139881,,,
imu,569.407868,-0.7070166096,-9.4077472384,3.2037063968,1.87681188,3.83514482,-2.5991528,,,
imu,569.416351,-0.7076147624000001,-9.450216087200001,3.214473147200001,1.95905789,4.11179049,-2.63653735,,,
imu,569.424834,-0.7004369288000002,-9.478927421600002,3.221052828,1.76465823,4.08188285,-2.74121409,,,
imu,569.433316,-0.7004369288000002,-9.503451686400002,3.2252398976,1.43567419,4.14169813,-2.89075229,,,
imu,569.441799,-0.7034276928000001,-9.5357519376,3.2276325088,0.97958268,4.06692903,-3.1225365,,,
imu,569.450281,-0.7112036792,-9.555490980000002,3.238997412,0.44124516,4.09683667,-3.28702852,,,
imu,569.458764,-0.6926609424000001,-9.539939007200001,3.2366048008,-0.20924601,4.16412886,-3.45152054,,,
imu,569.467247,-0.6866794144,-9.517807353600002,3.242586328800001,-0.93450628,4.13422122,-3.58610492,,,
imu,569.475729,-0.6938572480000001,-9.477731116000001,3.2431844816,-1.46536689,4.05197521,-3.45899745,,,
imu,569.484212,-0.6920627896000001,-9.4526086984,3.235408495200001,-1.77939711,4.00711375,-3.36179762,,,
imu,569.492694,-0.6771089696000001,-9.419710294400002,3.2318195784,-2.41493446,3.85009864,-3.38422835,,,
imu,569.501177,-0.6795015808000001,-9.3688673064,3.221052828,-2.5943803,3.7454219,-3.23469015,,,
imu,569.50966,-0.6735200528,-9.3335762912,3.2186602168,-2.75139541,3.61831443,-3.14496723,,,
imu,569.518142,-0.6759126640000002,-9.301874192800001,3.2186602168,-2.57194957,3.46877623,-3.06272122,,,
imu,569.526625,-0.681894192,-9.282135150400002,3.2318195784,-2.41493446,3.46877623,-2.89075229,,,
imu,569.535108,-0.7046239984,-9.267779483200002,3.2455770928,-2.39998064,3.33419185,-3.10758268,,,
imu,569.543899,-0.708811068,-9.277948080800002,3.2431844816,-2.05604278,3.25194584,-3.26459779,,,
imu,569.552691,-0.7213722768,-9.253423816000002,3.2372029536,-1.83173548,3.18465365,-3.36179762,,,
imu,569.561483,-0.7177833600000001,-9.250433052000002,3.2533530792,-1.57752054,3.12483837,-3.51133582,,,
imu,569.570274,-0.7321390272000001,-9.267779483200002,3.2515586208,-1.38312088,3.25942275,-3.55619728,,,
imu,569.579066,-0.7399150136000001,-9.292303748000002,3.2533530792,-0.78496808,3.27437657,-3.3468438,,,
imu,569.587858,-0.7303445688000001,-9.3210150824,3.2635216768,-0.5681376899999999,3.39400713,-3.11505959,,,
imu,569.59665,-0.7470928472,-9.311444637600001,3.2575401488,-0.26906129,3.52859151,-3.00290594,,,
imu,569.605441,-0.7482891528000001,-9.309650179200002,3.2497641624,-0.11204618,3.5958837,-3.09262886,,,
imu,568.206118,,,,,,,-90.2478404,186.458846,113.2767272
imu,568.30768,,,,,,,-91.48076760000001,186.6297468,112.3733944
imu,568.409243,,,,,,,-91.2366236,186.8738908,113.1302408
imu,568.510805,,,,,,,-91.5295964,186.9715484,113.2278984
imu,568.612368,,,,,,,-88.51441799999999,186.3001524,111.3968184
imu,568.714449,,,,,,,-91.0657228,186.4466388,113.5941144
imu,568.815493,,,,,,,-88.74635479999999,186.275738,110.5911432
imu,568.917055,,,,,,,-91.1755876,186.641954,112.8128536
imu,569.614233,-0.7303445688000001,-9.334174444000002,3.2653161352,0.2468455,3.64822207,-3.16739796,,,
imu,569.623025,-0.7159889016000002,-9.343744888800002,3.2635216768,0.3889067899999999,3.71551426,-3.29450543,,,
imu,569.631816,-0.7195778184000001,-9.3347725968,3.260530912800001,0.40386061,3.6706528,-3.39170526,,,
imu,569.640608,-0.7189796656000002,-9.359895014400001,3.271895816,0.4861066199999999,3.63326825,-3.48142818,,,
imu,569.6494,-0.7285501104000001,-9.363483931200001,3.262923524000001,0.5982602699999999,3.61083752,-3.47395127,,,
imu,569.658192,-0.7375224024000001,-9.3658765424,3.2557456904,0.5010604399999999,3.64822207,-3.43656672,,,
imu,569.666983,-0.7411113192000001,-9.3963823352,3.2677087464,0.4861066199999999,3.65569898,-3.46647436,,,
imu,569.675775,-0.7411113192000001,-9.414925072,3.2575401488,0.3963837,3.76037572,-3.41413599,,,
imu,569.684567,-0.7423076248,-9.4005694048,3.258736454400001,0.12721494,3.76037572,-3.44404363,,,
imu,569.693358,-0.7357279440000001,-9.389204501600002,3.2695032048,-0.01484635000000001,3.76037572,-3.39170526,,,
imu,569.018563,,,,,,,-90.6018492,186.7396116,112.165872
imu,569.120187,,,,,,,-91.1877948,187.435422,112.6785744
imu,569.221719,,,,,,,-91.1755876,186.8006476,112.165872
imu,569.323373,,,,,,,-91.1023444,187.1424492,112.8128536
imu,569.424783,,,,,,,-90.74833559999999,186.9593412,112.776232
imu,569.526345,,,,,,,-90.6750924,186.7762332,112.1780792
imu,569.628183,,,,,,,-91.16338040000001,187.0569988,112.8250608
